       0    1    2     3        4        5        6         7
0    0.8  1.0  0.4  10.0  5.39875  1.85638  2.01774  10.96816
1    0.7  0.7  1.0  10.0  5.81861  2.11889  3.00214  11.49018
2    0.6  0.9  0.7  10.0  5.84058  2.19899  2.52520  11.60612
3    0.1  0.2  0.3  10.0  5.84280  2.39729  2.99178  13.27052
4    0.9  0.4  0.3  10.0  5.95372  2.26352  2.00852  11.49055
5    0.9  0.9  1.0  10.0  6.01003  1.72644  2.98779  10.59061
6    0.5  0.6  0.1  10.0  6.02628  2.75459  1.01334  15.03958
7    0.8  0.8  0.2  10.0  6.06970  2.33628  1.00994  10.56790
8    0.5  0.4  0.4  10.0  6.09929  2.08087  2.25494  10.74427
9    0.8  0.5  0.3  10.0  6.10853  2.08003  1.52477   9.56530
10   0.3  0.2  0.3  10.0  6.13205  2.58968  1.03478  12.28258
11   0.3  0.8  0.6  10.0  6.16497  2.02359  1.00949   8.98966
12   0.3  0.9  1.0  10.0  6.19628  2.35835  1.01365  10.49353
13   0.4  0.3  0.9  10.0  6.20642  2.29752  2.01112  10.51673
14   0.7  0.9  0.6  10.0  6.20717  2.08628  2.07883  10.67197
15   0.8  1.0  0.9  10.0  6.20990  2.81175  1.39186  15.71408
16   0.5  0.3  0.2  10.0  6.21470  2.13054  2.09383  11.26064
17   0.9  0.9  0.1  10.0  6.22927  1.96265  2.13877  12.76632
18   0.5  0.5  0.3  10.0  6.25064  2.30149  1.49491  11.06610
19   0.9  0.9  0.5  10.0  6.25168  2.28239  1.34609  10.63250
20   0.1  0.5  0.3  10.0  6.25368  2.24828  2.05510  10.31266
21   0.5  0.3  0.5  10.0  6.25834  1.87616  3.01422  10.25913
22   1.0  0.7  0.2  10.0  6.26441  2.22441  3.06208  12.19692
23   0.7  0.2  0.5  10.0  6.27288  2.70312  2.73045  11.75367
24   0.5  0.9  0.4  10.0  6.27364  2.82125  1.99645  12.79896
25   0.5  0.1  0.8  10.0  6.28438  2.31343  2.91853  13.99543
26   0.6  0.9  0.9  10.0  6.28871  2.09836  1.73557  11.29126
27   0.9  0.2  0.1  10.0  6.29159  2.27579  1.45647   9.95865
28   0.7  0.7  0.5  10.0  6.30287  2.33535  2.23340  10.66744
29   0.7  0.6  0.9  10.0  6.30392  2.23906  3.85575  13.37848
30   0.9  0.6  0.1  10.0  6.32177  2.49400  2.19360  12.98938
31   0.3  0.4  0.9  10.0  6.32618  2.02386  2.52494  10.11799
32   0.8  0.4  0.4  10.0  6.32702  2.07695  2.01567  10.79130
33   0.2  0.3  0.9  10.0  6.33562  2.22855  2.12472  11.25145
34   0.1  1.0  0.4  10.0  6.33737  1.61510  4.19418   9.97183
35   0.5  0.5  0.9  10.0  6.34271  2.07787  2.68966  10.88036
36   0.9  0.6  0.9  10.0  6.34692  1.67564  2.99596   9.26179
37   0.4  0.8  0.5  10.0  6.35063  2.50645  1.01778  14.15432
38   0.8  0.8  0.5  10.0  6.35556  3.13491  0.03322  16.99335
39   0.7  0.2  0.3  10.0  6.35661  2.64475  2.01378  14.48594
40   0.8  0.2  0.1  10.0  6.36372  2.10010  2.59982  11.95881
41   0.6  0.7  0.1  10.0  6.36602  2.33865  2.02635  12.01888
42   1.0  0.8  0.5  10.0  6.37009  2.64761  2.00819  13.01550
43   0.8  1.0  0.3  10.0  6.37096  2.13073  2.77846  13.22583
44   0.6  1.0  0.3  10.0  6.37450  2.74392  1.77936  12.12430
45   0.1  0.1  0.1  10.0  6.39949  2.26090  2.15637  10.97886
46   0.6  0.3  0.7  10.0  6.40311  2.39861  2.75829  12.02785
47   0.2  0.4  0.1  10.0  6.40839  2.23065  3.00219  11.21056
48   0.4  1.0  0.4  10.0  6.41526  2.42440  2.01179  11.18600
49   0.2  0.6  0.8  10.0  6.41644  2.25038  2.01145  12.74487
50   0.3  0.3  0.8  10.0  6.41943  1.88568  3.29631  10.15495
51   0.7  0.5  0.5  10.0  6.42310  2.42047  1.72677  12.20760
52   1.0  0.1  0.3  10.0  6.42436  2.37651  2.41463  13.16380
53   0.6  0.9  0.3  10.0  6.42705  1.98716  2.14965  10.02777
54   0.7  0.2  0.8  10.0  6.43130  2.49987  2.05730  12.02274
55   0.7  1.0  0.8  10.0  6.43635  3.13092  2.12863  14.49783
56   0.1  0.3  0.7  10.0  6.44093  2.64132  1.99610  14.75485
57   0.4  0.4  0.4  10.0  6.44278  2.16084  2.03436  11.25718
58   0.9  0.5  0.6  10.0  6.44335  2.76318  2.40487  13.14746
59   0.9  0.8  0.1  10.0  6.44592  2.12417  2.66588  11.27046
60   0.1  0.5  0.7  10.0  6.45346  2.36817  3.02204  14.95252
61   0.6  0.5  0.4  10.0  6.45690  2.40933  2.35935  11.28306
62   0.5  0.4  0.2  10.0  6.46103  2.49818  1.01455  10.41107
63   0.8  0.3  1.0  10.0  6.46136  2.43546  3.00202  12.77046
64   0.6  0.7  0.9  10.0  6.46301  2.06876  2.07426  10.06591
65   0.3  0.2  0.1  10.0  6.47872  2.70332  3.00459  14.95933
66   0.3  0.7  1.0  10.0  6.47949  1.99139  2.55559  11.54269
67   0.5  1.0  0.7  10.0  6.48086  3.00580  2.25493  18.93540
68   0.8  0.5  1.0  10.0  6.48187  2.35259  2.99693  12.08638
69   0.5  0.8  0.2  10.0  6.48473  2.04308  3.01660  10.13864
70   0.3  0.6  0.2  10.0  6.48532  2.37402  2.00496  11.12254
71   0.3  0.8  0.2  10.0  6.48737  2.84880  1.55621  13.25217
72   0.7  0.1  1.0  10.0  6.49659  2.68526  2.71202  14.23244
73   0.1  0.4  0.8  10.0  6.49777  2.69502  2.03312  14.43695
74   0.1  0.6  0.6  10.0  6.50564  2.81074  2.01845  13.11589
75   0.5  0.9  0.5  10.0  6.51063  1.95406  3.98789  10.76990
76   0.3  0.4  0.2  10.0  6.51303  2.53195  3.01462  11.84170
77   0.9  0.9  0.4  10.0  6.51538  2.34113  3.99543  12.53827
78   0.7  0.9  0.9  10.0  6.51745  2.54516  3.01853  13.63786
79   0.2  0.3  0.6  10.0  6.52408  2.78998  2.05278  13.64582
80   0.6  0.5  0.2  10.0  6.52712  2.37876  3.00618  11.96939
81   0.5  0.5  0.6  10.0  6.53502  2.26675  3.02888  12.38827
82   0.3  1.0  0.6  10.0  6.53535  2.40631  2.06174  12.54982
83   0.4  0.8  0.6  10.0  6.53936  1.89308  3.00468  11.10880
84   1.0  0.5  0.7  10.0  6.54398  2.37618  2.02130  11.05370
85   0.4  0.6  0.8  10.0  6.54828  2.78135  3.00861  15.05531
86   0.3  0.1  0.3  10.0  6.54883  2.19016  2.01812  12.43782
87   0.3  0.6  0.1  10.0  6.55167  2.15978  1.79927  10.95907
88   0.3  0.6  0.6  10.0  6.55272  2.37078  3.00087  14.25919
89   0.3  0.2  0.7  10.0  6.55402  2.14935  3.00504  11.24691
90   0.4  0.2  0.2  10.0  6.55863  2.04169  1.85153  11.62766
91   0.1  0.4  0.6  10.0  6.55901  2.41353  3.00268  12.45052
92   0.7  0.4  0.8  10.0  6.56668  2.47534  3.06540  11.40148
93   1.0  0.8  1.0  10.0  6.56810  2.64517  3.05871  16.15879
94   0.1  0.9  0.1  10.0  6.57351  2.64816  2.14119  14.37527
95   0.1  0.8  1.0  10.0  6.57567  2.37678  2.83104  13.08850
96   0.7  0.5  1.0  10.0  6.57819  1.72875  3.32410   9.62361
97   0.3  0.5  0.6  10.0  6.57927  2.49512  2.99779  13.27723
98   0.9  0.9  0.8  10.0  6.58720  2.70630  3.14112  18.41666
99   0.6  0.4  0.7  10.0  6.58939  3.20405  1.14736  17.06000
100  0.2  0.8  1.0  10.0  6.59548  2.30096  2.90713  12.10187
101  0.3  0.4  0.6  10.0  6.59733  2.73394  1.72353  13.29847
102  0.8  0.4  0.6  10.0  6.59817  3.06841  1.49359  14.26518
103  0.8  0.1  0.5  10.0  6.59888  3.41899  1.99958  18.76478
104  0.5  0.8  0.4  10.0  6.60268  2.46450  3.33544  12.16086
105  0.3  0.1  0.6  10.0  6.60892  2.02676  3.19264  11.03142
106  0.2  0.7  0.4  10.0  6.60968  2.38860  3.04199  12.57240
107  0.7  0.9  0.1  10.0  6.61603  2.27049  2.39756  14.03321
108  1.0  0.6  1.0  10.0  6.61755  2.17400  2.67082  11.01059
109  0.8  0.9  0.2  10.0  6.61883  2.56451  3.29089  14.09993
110  0.2  0.5  0.4  10.0  6.62469  3.23011  1.28999  17.18071
111  0.9  0.4  0.2  10.0  6.62914  2.74012  2.97729  15.36231
112  0.1  0.1  0.3  10.0  6.63037  2.18545  3.30001  11.55794
113  0.6  0.2  0.6  10.0  6.63420  1.78989  3.00528  11.18091
114  0.6  0.7  0.3  10.0  6.63501  2.75776  2.62150  16.51299
115  0.3  0.3  1.0  10.0  6.63501  2.65428  2.97478  14.96068
116  0.9  1.0  0.2  10.0  6.63694  2.59662  2.41291  12.14345
117  0.3  0.1  0.2  10.0  6.64474  2.18948  3.02168  12.02777
118  0.8  0.6  1.0  10.0  6.65212  2.32722  3.06826  12.03481
119  0.3  0.8  0.8  10.0  6.65663  2.42842  2.70052  12.88243
120  0.8  0.9  0.6  10.0  6.65859  2.68431  2.40087  13.17504
121  0.8  0.7  0.5  10.0  6.65970  2.60467  2.15038  11.05549
122  0.2  0.8  0.9  10.0  6.66359  2.34957  3.22433  13.56344
123  0.9  0.7  0.4  10.0  6.66720  1.99806  3.25294  11.29706
124  0.8  0.6  0.3  10.0  6.66936  2.38213  3.03959  12.76074
125  0.3  0.1  0.5  10.0  6.67339  2.37763  3.00435  11.72077
126  0.2  0.5  0.8  10.0  6.67399  1.97603  3.64679  11.36274
127  0.6  0.5  0.3  10.0  6.67641  2.10588  3.18915  12.38656
128  0.4  1.0  0.8  10.0  6.67734  2.40477  2.02115  13.06787
129  1.0  0.6  0.6  10.0  6.67930  2.57730  2.05421  13.57909
130  0.4  0.7  0.4  10.0  6.68280  2.27740  3.00054  14.15754
131  0.1  0.1  0.8  10.0  6.68508  2.75087  1.85096  12.68178
132  0.9  0.4  0.1  10.0  6.68612  3.34255  1.66223  15.23179
133  0.3  0.9  0.3  10.0  6.68782  2.82440  2.12282  12.07052
134  0.9  0.8  0.4  10.0  6.69431  1.70552  3.00217   9.96679
135  0.2  0.6  0.4  10.0  6.69494  2.63802  2.06519  12.29231
136  0.9  0.8  0.7  10.0  6.69602  1.70957  4.04587  11.09592
137  0.8  1.0  0.5  10.0  6.69614  2.38018  3.84832  13.03868
138  0.3  0.4  0.4  10.0  6.69838  2.85571  2.03673  14.42285
139  0.6  0.3  0.8  10.0  6.70221  2.42726  3.98854  12.58229
140  1.0  0.5  0.5  10.0  6.70575  2.02194  3.24119  11.19312
141  0.4  0.1  0.5  10.0  6.70816  2.57848  3.80492  13.73417
142  0.5  0.5  0.5  10.0  6.70957  2.56704  2.06786  12.96891
143  0.2  0.2  0.9  10.0  6.71237  2.39802  2.02009  11.99308
144  0.3  0.8  0.5  10.0  6.71449  1.99833  4.00314  11.35666
145  0.6  0.4  0.8  10.0  6.71482  2.67216  2.30779  12.81867
146  0.4  0.4  0.1  10.0  6.71838  2.40480  3.01006  12.09628
147  0.1  0.8  0.9  10.0  6.72001  2.81962  2.58017  16.73312
148  0.1  0.1  0.2  10.0  6.72259  2.84516  1.20459  14.97296
149  0.1  0.8  0.3  10.0  6.72412  2.10935  2.66794  10.24051
150  0.7  0.1  0.3  10.0  6.72508  2.04783  3.01356  10.62863
151  0.5  0.2  0.1  10.0  6.72531  1.69589  4.12308  10.18120
152  0.6  0.9  0.2  10.0  6.72552  2.22055  3.03730  10.72436
153  0.2  0.7  0.6  10.0  6.72583  2.18991  2.00913  10.96842
154  0.7  1.0  0.9  10.0  6.72652  1.99105  4.09873  10.57571
155  1.0  0.9  0.6  10.0  6.72790  2.55578  2.61815  12.23647
156  0.7  0.8  0.1  10.0  6.73699  2.30817  4.03282  13.26677
157  0.1  0.7  1.0  10.0  6.74203  2.25490  3.99323  12.73317
158  1.0  0.2  1.0  10.0  6.74274  2.29248  1.99889  12.10306
159  1.0  0.4  1.0  10.0  6.74799  2.46598  3.00592  12.36984
160  0.7  0.3  0.1  10.0  6.75170  3.36912  1.15025  14.32958
161  0.7  0.6  0.8  10.0  6.75419  2.13742  2.05887  11.18400
162  0.4  0.1  0.8  10.0  6.75483  2.73457  2.23764  13.44570
163  0.3  1.0  0.1  10.0  6.75555  3.05350  2.03191  12.55694
164  0.1  0.1  0.6  10.0  6.75831  2.42210  2.01425  12.13102
165  0.7  0.6  0.5  10.0  6.76009  2.81013  2.00164  14.00391
166  1.0  0.4  0.5  10.0  6.76132  2.58430  2.11607  12.85601
167  0.6  0.6  0.3  10.0  6.76444  2.47664  3.15724  12.42057
168  0.3  0.8  0.4  10.0  6.76473  2.57681  2.64366  11.96960
169  0.2  0.3  0.7  10.0  6.76477  2.28409  3.06929  11.01574
170  0.3  1.0  1.0  10.0  6.76575  2.58611  2.01588  12.34736
171  0.6  0.4  0.5  10.0  6.76786  2.53268  2.00443  11.48761
172  0.1  0.3  1.0  10.0  6.76818  2.81828  3.01488  13.52928
173  0.5  0.4  0.7  10.0  6.77076  2.56709  3.02482  15.13193
174  0.6  0.2  0.3  10.0  6.77138  2.18942  4.03541  11.96191
175  0.3  0.6  0.5  10.0  6.77156  2.38551  2.61250  11.07447
176  0.1  0.3  0.6  10.0  6.77332  2.98555  2.33536  13.39987
177  0.3  0.1  0.8  10.0  6.77573  2.50850  2.02299  12.46001
178  0.4  0.6  0.2  10.0  6.77713  2.77198  2.99638  14.76526
179  1.0  0.8  0.9  10.0  6.77720  2.78864  2.03975  13.90744
180  0.5  0.8  0.1  10.0  6.77820  2.70636  2.28380  14.37896
181  0.6  0.1  0.8  10.0  6.77850  2.85588  2.54437  13.43447
182  0.9  0.7  0.3  10.0  6.77859  1.76824  3.05032  10.19752
183  0.8  1.0  0.2  10.0  6.77909  2.24241  3.99516  10.92569
184  0.2  0.3  0.8  10.0  6.78085  2.38079  3.00343  12.32604
185  0.7  0.4  0.5  10.0  6.78231  2.31774  3.23442  10.97396
186  0.7  0.5  0.8  10.0  6.78248  2.50397  3.03497  13.53995
187  0.9  0.7  0.2  10.0  6.78424  2.66480  1.09748  12.86387
188  0.7  0.3  0.5  10.0  6.78636  2.59709  2.37249  12.97259
189  0.2  0.9  0.3  10.0  6.78755  3.24667  2.02896  15.48681
190  0.6  1.0  0.9  10.0  6.78943  2.34696  3.46541  12.96398
191  0.7  0.9  0.5  10.0  6.79196  2.34828  3.58150  12.27189
192  0.8  0.6  0.2  10.0  6.79314  2.79572  2.01465  17.43845
193  0.8  0.1  1.0  10.0  6.79340  2.33243  3.45324  12.31963
194  0.6  0.6  0.6  10.0  6.79662  2.71392  2.00991  13.28264
195  0.8  0.6  0.6  10.0  6.79877  3.02939  3.00135  14.29321
196  0.9  1.0  0.9  10.0  6.79962  3.77432  1.99928  16.00118
197  0.8  1.0  0.8  10.0  6.79995  2.82164  2.15493  14.13934
198  0.8  0.6  0.5  10.0  6.80040  2.24489  3.67257  13.52630
199  0.4  0.4  0.7  10.0  6.80458  2.60472  1.99693  12.20923
200  1.0  0.7  0.5  10.0  6.80643  2.59028  3.15643  12.26384
201  0.7  0.6  0.4  10.0  6.80726  2.30029  3.01609  13.66445
202  0.4  0.9  0.2  10.0  6.81001  2.47697  1.06682  12.54265
203  0.5  0.6  0.7  10.0  6.81021  1.49695  3.44035  10.03788
204  0.9  0.2  1.0  10.0  6.81544  2.50145  2.03253  13.03738
205  0.3  0.6  0.9  10.0  6.82091  2.39514  2.99848  15.06844
206  0.5  0.6  0.2  10.0  6.82126  2.56896  2.01078  12.01915
207  0.4  0.5  0.5  10.0  6.82181  2.44788  2.98474  11.95885
208  0.4  0.2  0.1  10.0  6.82187  2.60670  2.99894  13.73533
209  0.8  0.9  0.3  10.0  6.82987  2.33326  3.04024  12.33168
210  0.4  0.3  0.8  10.0  6.83014  2.65673  2.19022  13.24255
211  0.6  0.3  1.0  10.0  6.83282  2.22464  2.04016  11.52015
212  0.3  0.4  0.8  10.0  6.83438  2.51053  2.02512  12.84345
213  0.1  0.2  1.0  10.0  6.83461  2.36476  3.11562  12.41907
214  0.3  0.6  0.3  10.0  6.83683  2.64431  3.03168  14.10315
215  0.2  0.8  0.2  10.0  6.84949  2.34507  3.00485  12.28880
216  0.5  0.5  0.2  10.0  6.85211  2.73811  3.00454  14.22966
217  1.0  0.9  0.5  10.0  6.85329  2.54935  2.22697  12.84452
218  0.6  1.0  0.6  10.0  6.85408  2.48286  2.11530  14.15189
219  0.3  0.4  1.0  10.0  6.85410  2.19729  2.99566  12.24141
220  0.9  0.1  0.2  10.0  6.85785  2.37436  3.01016  13.34207
221  1.0  0.3  0.2  10.0  6.85948  2.57030  3.00943  11.38979
222  0.8  0.1  0.6  10.0  6.86362  2.31067  3.00251  12.00296
223  1.0  0.2  0.2  10.0  6.86603  2.25143  3.06752  12.39544
224  0.2  0.1  0.7  10.0  6.86614  2.74177  2.01416  13.05324
225  1.0  0.5  0.2  10.0  6.86622  2.81521  2.45048  14.48567
226  1.0  0.5  1.0  10.0  6.86791  2.24873  3.76054  11.41279
227  0.2  0.3  0.4  10.0  6.87125  2.63309  2.25980  13.33653
228  0.6  0.6  1.0  10.0  6.87181  3.23272  3.71539  16.19222
229  0.3  0.9  0.5  10.0  6.87273  3.39348  2.06465  16.84318
230  0.6  0.1  0.2  10.0  6.87485  1.97731  3.45070  10.24464
231  0.2  0.6  0.3  10.0  6.87502  3.09397  3.36542  18.92689
232  1.0  0.7  0.9  10.0  6.87528  2.06954  3.00251  10.83692
233  0.6  0.5  0.5  10.0  6.87772  2.39820  3.25081  14.17114
234  0.5  0.1  0.1  10.0  6.87813  3.15241  2.00837  14.96264
235  0.9  1.0  0.7  10.0  6.88080  2.52438  1.87567  12.01432
236  1.0  0.2  0.3  10.0  6.88109  2.48570  3.28513  14.29186
237  0.8  0.1  0.4  10.0  6.88124  2.96151  1.05001  13.57062
238  0.3  0.8  0.9  10.0  6.88175  1.78336  3.99572  11.24039
239  0.7  1.0  0.1  10.0  6.88195  2.99233  3.34848  14.12757
240  0.2  0.7  0.9  10.0  6.88294  2.38325  3.33018  11.99642
241  0.1  0.6  0.8  10.0  6.88601  2.78807  2.81430  15.16367
242  0.2  0.9  0.7  10.0  6.88665  2.95492  2.24938  16.13198
243  0.6  0.6  0.4  10.0  6.89095  3.29874  2.45933  19.33503
244  0.7  0.4  0.6  10.0  6.89160  2.59919  3.00120  12.41952
245  0.2  0.2  1.0  10.0  6.89244  2.74828  2.06251  16.08577
246  0.6  0.8  0.4  10.0  6.89406  2.79787  2.03204  14.02492
247  0.4  0.1  0.7  10.0  6.89416  2.67161  1.00827  14.72658
248  0.4  0.5  0.9  10.0  6.89704  2.99708  3.03231  13.28090
249  0.6  0.8  0.8  10.0  6.89722  2.83839  3.03392  12.59750
250  0.8  0.3  0.8  10.0  6.89798  2.07864  3.01856  11.55931
251  0.3  0.7  0.4  10.0  6.89814  2.81421  2.45403  14.14693
252  1.0  0.1  0.2  10.0  6.89946  2.15151  3.04954  10.36351
253  0.6  0.1  0.4  10.0  6.89965  2.66811  2.35453  12.06154
254  0.1  0.4  0.4  10.0  6.90011  3.05161  3.00651  15.24008
255  0.1  0.2  0.4  10.0  6.90277  1.94999  3.71938  10.58897
256  0.3  0.8  0.3  10.0  6.90487  3.26686  1.35962  14.50049
257  0.4  1.0  0.9  10.0  6.90623  2.96360  3.07081  13.49655
258  0.1  0.2  0.1  10.0  6.90719  2.32376  3.04723  12.50312
259  0.5  0.1  0.5  10.0  6.90788  2.07259  3.37905  12.52161
260  1.0  0.8  0.4  10.0  6.90846  2.45752  3.00957  14.31211
261  0.5  1.0  0.6  10.0  6.91113  2.58799  2.99946  11.86923
262  0.9  1.0  0.6  10.0  6.91372  3.13828  3.01616  18.16401
263  0.9  0.7  0.7  10.0  6.91609  3.43207  1.30188  13.66634
264  0.8  0.5  0.1  10.0  6.91640  2.54022  3.50719  14.50381
265  0.8  0.1  0.8  10.0  6.91647  2.40067  3.27483  12.56620
266  0.1  0.2  0.7  10.0  6.91825  2.38171  2.29243  11.82615
267  1.0  0.4  0.1  10.0  6.91946  2.77274  2.10493  14.22798
268  0.4  0.5  0.6  10.0  6.91994  2.88209  2.26350  13.53367
269  0.6  1.0  0.8  10.0  6.92159  3.01869  2.32861  16.98427
270  0.6  0.3  0.2  10.0  6.92260  2.48731  3.46415  16.34563
271  0.1  0.5  0.5  10.0  6.92336  2.23596  3.99589  13.10444
272  1.0  0.2  0.8  10.0  6.92437  2.19452  2.62207  11.27193
273  0.7  0.4  0.1  10.0  6.92584  2.35015  2.26478  12.29398
274  0.7  0.8  0.2  10.0  6.92636  1.92691  3.04900  12.38157
275  0.5  0.2  0.7  10.0  6.92921  2.75691  2.45990  14.11025
276  0.4  0.4  0.9  10.0  6.93074  2.71569  3.00889  13.99494
277  0.1  0.3  0.9  10.0  6.93614  2.42891  2.77395  12.04505
278  0.2  0.9  0.4  10.0  6.93920  2.81445  2.23060  15.96694
279  0.3  0.1  1.0  10.0  6.93925  2.57316  3.67554  15.30759
280  0.8  0.3  0.5  10.0  6.94063  2.75674  2.37939  12.95460
281  0.4  0.9  0.4  10.0  6.94215  2.40283  3.03908  11.21649
282  0.9  0.4  0.7  10.0  6.94443  2.46323  3.21063  13.68700
283  0.2  0.6  0.9  10.0  6.94810  2.04698  2.33901  11.09240
284  0.5  1.0  0.2  10.0  6.95050  2.55667  3.01910  12.14382
285  0.9  0.8  0.6  10.0  6.95114  2.78649  2.57956  14.20660
286  0.4  0.2  0.9  10.0  6.95206  2.08000  3.02845  13.44951
287  0.3  0.2  0.5  10.0  6.95762  2.92175  3.00603  13.87964
288  0.8  0.5  0.6  10.0  6.95777  2.46283  3.20857  11.78544
289  1.0  0.1  0.7  10.0  6.95886  2.54677  2.55538  12.02080
290  0.2  0.8  0.8  10.0  6.96044  2.27368  3.96095  14.07794
291  1.0  0.6  0.9  10.0  6.96110  2.38670  3.37254  12.87701
292  0.2  0.7  0.7  10.0  6.96511  2.53225  2.00844  12.02211
293  0.2  0.5  0.9  10.0  6.96542  2.29443  3.07573  11.55497
294  0.9  0.3  0.9  10.0  6.96603  3.19360  3.00132  17.53360
295  0.4  1.0  0.7  10.0  6.96771  3.42604  1.22369  18.38593
296  0.9  1.0  0.3  10.0  6.96780  2.19714  4.06034  11.75135
297  0.7  0.9  0.4  10.0  6.97019  2.04521  3.48047  11.67095
298  0.7  0.2  1.0  10.0  6.97265  2.55638  4.01685  13.01380
299  1.0  0.5  0.3  10.0  6.97281  2.44473  2.99111  12.36805
300  0.7  0.1  0.4  10.0  6.97293  2.49443  2.35889  12.16171
301  0.1  0.8  0.2  10.0  6.97412  2.63486  2.81708  15.49765
302  0.2  0.1  1.0  10.0  6.97442  2.44640  3.03014  13.74400
303  0.8  1.0  0.7  10.0  6.97459  2.93666  3.00833  14.51249
304  0.2  0.3  1.0  10.0  6.97530  2.32547  2.77189  11.94448
305  0.5  0.8  0.9  10.0  6.97592  2.61291  2.35318  12.12158
306  0.6  0.5  0.6  10.0  6.97734  2.06551  3.01184  11.38949
307  0.3  0.7  0.7  10.0  6.97915  2.78166  3.00813  12.42066
308  0.4  0.3  0.6  10.0  6.97927  2.03116  4.00046  13.37851
309  0.1  0.6  0.3  10.0  6.97998  2.71186  2.10346  12.71294
310  1.0  0.6  0.3  10.0  6.98297  2.86751  3.05163  15.66726
311  0.2  0.2  0.3  10.0  6.98311  2.57101  2.38722  12.51396
312  0.3  1.0  0.9  10.0  6.98386  2.87475  2.07662  13.45669
313  1.0  0.3  0.1  10.0  6.98550  2.40711  3.54760  12.27618
314  0.2  0.7  1.0  10.0  6.98582  1.99153  4.00444  11.25444
315  0.3  1.0  0.4  10.0  6.98681  2.56056  2.98957  12.18159
316  0.3  0.9  0.8  10.0  6.99353  2.31490  3.07613  12.47814
317  0.8  0.3  0.9  10.0  6.99353  2.54697  2.02150  12.59149
318  0.6  0.2  0.2  10.0  6.99599  3.50261  2.44279  19.08882
319  0.1  0.9  0.7  10.0  6.99914  2.11523  2.00747  10.57756
320  0.9  1.0  0.4  10.0  7.00393  2.78100  2.22924  12.36501
321  0.6  1.0  0.4  10.0  7.01002  3.63177  2.68180  17.02399
322  0.4  0.7  0.1  10.0  7.01129  2.58464  2.01669  14.20688
323  0.4  0.9  1.0  10.0  7.01298  2.97243  2.97897  15.10142
324  0.4  0.9  0.1  10.0  7.01631  2.54282  3.00795  12.32896
325  0.1  0.1  0.7  10.0  7.01656  2.54321  3.01675  14.08648
326  0.4  0.4  0.5  10.0  7.01893  1.90754  3.54796  10.97649
327  0.9  0.4  1.0  10.0  7.02007  3.13984  1.01903  16.64257
328  0.5  0.3  1.0  10.0  7.02039  2.21382  2.10132  11.15668
329  0.1  0.7  0.9  10.0  7.02511  2.26719  2.99610  14.64764
330  0.4  0.9  0.6  10.0  7.02911  3.12541  1.02310  15.34736
331  0.5  0.2  0.8  10.0  7.02944  3.67684  3.05606  18.85464
332  0.9  0.7  1.0  10.0  7.03111  2.79430  3.11475  15.04958
333  0.7  0.5  0.6  10.0  7.03158  2.75068  3.03611  14.10417
334  1.0  1.0  0.1  10.0  7.03300  2.41501  1.99872  11.88312
335  1.0  0.4  0.4  10.0  7.03365  1.79908  4.56682  11.37077
336  0.6  0.8  1.0  10.0  7.03506  2.49043  2.78393  13.00508
337  0.7  0.2  0.4  10.0  7.03570  2.56816  1.01265  12.57989
338  0.6  0.7  0.5  10.0  7.03774  2.94630  2.42613  15.32315
339  0.7  1.0  0.4  10.0  7.03909  2.38507  2.92722  11.78774
340  0.9  0.5  0.9  10.0  7.03986  2.22457  1.57606  11.14466
341  0.5  0.2  0.3  10.0  7.04055  2.57680  3.19393  16.50557
342  0.4  0.6  0.1  10.0  7.04322  2.12245  3.56381  11.28906
343  1.0  0.7  0.3  10.0  7.04345  2.33453  3.17408  12.17070
344  0.7  0.5  0.2  10.0  7.04608  3.16229  3.06327  14.46629
345  0.8  0.1  0.7  10.0  7.04761  2.78128  3.21484  12.46266
346  0.2  0.6  0.2  10.0  7.04988  2.89818  3.00719  13.72114
347  0.8  0.8  0.4  10.0  7.05145  2.98487  2.81623  14.32523
348  0.2  0.5  0.5  10.0  7.05334  2.37487  2.99608  11.41384
349  1.0  0.3  0.3  10.0  7.05356  2.33118  4.04410  12.95438
350  0.3  0.1  0.1  10.0  7.05551  2.95449  2.50717  17.58462
351  0.6  0.2  0.7  10.0  7.05738  2.43393  3.02306  12.66779
352  0.5  0.7  0.4  10.0  7.05803  2.60113  2.31869  11.95130
353  0.4  0.9  0.5  10.0  7.05888  2.73585  3.05329  13.43637
354  0.1  0.9  0.3  10.0  7.06276  3.30226  1.99896  15.25699
355  0.8  0.9  0.9  10.0  7.06528  2.96855  2.99172  13.43015
356  0.1  0.6  0.9  10.0  7.06619  2.89411  2.03904  17.98768
357  0.6  0.9  0.4  10.0  7.06801  2.24565  3.35631  11.84083
358  0.2  0.3  0.1  10.0  7.06859  2.62552  3.00597  15.16843
359  0.4  0.3  0.1  10.0  7.07497  1.94980  4.03029  12.73131
360  0.3  0.3  0.2  10.0  7.07582  2.06119  3.01922  13.31171
361  0.8  0.4  1.0  10.0  7.07587  3.23693  1.02349  15.01677
362  0.2  0.1  0.8  10.0  7.07633  3.06369  2.03548  13.56881
363  0.3  0.7  0.9  10.0  7.07702  2.78076  1.13396  14.08408
364  0.9  0.3  0.3  10.0  7.07766  2.66509  1.99649  12.26819
365  0.5  0.6  0.5  10.0  7.07810  2.87870  3.08474  13.34524
366  0.2  1.0  0.2  10.0  7.07836  2.06877  3.44205  11.25380
367  0.8  0.4  0.5  10.0  7.07949  2.77555  2.11125  15.61030
368  0.6  0.7  0.4  10.0  7.08823  3.23218  2.48582  14.15003
369  0.6  0.6  0.7  10.0  7.08828  2.54075  2.99774  13.03557
370  0.4  0.8  1.0  10.0  7.09061  3.00384  3.01343  14.46875
371  1.0  0.2  0.1  10.0  7.09080  2.36046  3.25325  13.55932
372  0.2  1.0  0.8  10.0  7.09227  2.78702  2.17376  14.97613
373  1.0  0.1  0.9  10.0  7.09279  1.85157  3.30413  10.14156
374  0.1  0.1  1.0  10.0  7.09341  2.82875  3.09987  14.83861
375  0.8  0.6  0.1  10.0  7.09355  2.82801  1.56364  14.64051
376  0.1  0.9  0.9  10.0  7.09502  2.38116  3.02889  14.30783
377  0.9  0.6  0.7  10.0  7.09634  2.35634  3.02944  11.76401
378  0.4  1.0  0.3  10.0  7.09673  2.73498  2.17883  14.09263
379  0.9  0.5  0.7  10.0  7.09781  2.74144  3.03004  12.99973
380  1.0  0.8  0.1  10.0  7.09881  3.02440  3.99950  16.96091
381  0.5  0.6  0.4  10.0  7.09960  2.47375  4.00306  13.12372
382  0.8  1.0  0.6  10.0  7.09971  2.28037  3.03135  12.78299
383  0.1  0.6  0.1  10.0  7.10076  3.11853  2.90797  16.99265
384  0.8  0.4  0.7  10.0  7.10233  2.88395  3.36590  14.22387
385  0.1  1.0  0.9  10.0  7.10392  2.46324  3.70816  12.99320
386  0.5  0.2  0.6  10.0  7.10575  3.98055  2.01814  25.89060
387  0.8  0.7  0.2  10.0  7.10948  2.96315  3.01719  16.05448
388  0.8  0.2  1.0  10.0  7.11129  2.58891  3.63286  14.98872
389  0.2  0.8  0.1  10.0  7.11213  2.18511  3.56392  12.68096
390  0.2  0.4  0.2  10.0  7.11280  2.42660  1.05469  11.22004
391  0.1  0.3  0.3  10.0  7.11376  3.50780  1.01189  17.85188
392  0.9  0.3  0.8  10.0  7.11723  2.32222  3.97827  13.20418
393  0.4  0.2  0.4  10.0  7.12025  2.43934  2.01497  13.47785
394  0.6  0.8  0.5  10.0  7.12119  3.61773  3.42452  23.01068
395  0.5  0.7  0.6  10.0  7.12130  2.41565  2.00318  10.72436
396  0.9  0.8  0.3  10.0  7.12167  2.39337  2.11626  11.40912
397  0.1  0.8  0.1  10.0  7.12266  2.64009  3.99612  14.05495
398  0.7  0.5  0.4  10.0  7.12461  2.64615  3.09566  14.79422
399  0.4  0.5  0.7  10.0  7.12547  2.54513  2.03612  15.02633
400  0.9  0.8  0.9  10.0  7.12916  2.31546  3.22995  13.73072
401  0.8  0.6  0.4  10.0  7.13096  3.35179  1.45839  16.95593
402  0.2  0.4  1.0  10.0  7.13194  2.69345  2.36074  13.20040
403  0.3  0.4  0.7  10.0  7.13222  2.98611  2.07099  16.18125
404  0.9  0.1  0.1  10.0  7.13323  2.66207  3.01272  15.08294
405  0.2  0.2  0.6  10.0  7.13459  2.56471  3.32981  15.13628
406  0.9  0.2  0.9  10.0  7.13567  2.75434  2.00189  15.82238
407  0.4  0.9  0.8  10.0  7.13636  2.78043  1.05559  11.66678
408  0.9  0.8  0.8  10.0  7.13709  2.66694  3.40009  15.09074
409  0.7  0.1  0.2  10.0  7.13815  2.99670  3.02207  14.98712
410  0.9  0.5  0.2  10.0  7.13857  2.43373  2.80108  12.16095
411  0.9  0.2  0.2  10.0  7.14145  2.72010  2.09215  14.37932
412  1.0  0.4  0.3  10.0  7.14179  2.05019  3.10825  11.31019
413  0.8  0.3  0.3  10.0  7.14577  2.85063  2.01920  14.12451
414  1.0  0.1  0.4  10.0  7.14650  2.73407  0.08846  11.87893
415  0.4  0.7  0.3  10.0  7.14729  3.11661  1.99909  15.71642
416  1.0  0.6  0.4  10.0  7.14936  2.57744  2.03807  12.62351
417  0.4  0.9  0.7  10.0  7.15114  2.37448  2.99717  14.06504
418  0.9  0.6  0.6  10.0  7.15140  2.83441  2.04145  12.16065
419  0.9  0.6  1.0  10.0  7.15465  2.80673  2.01712  12.45306
420  0.5  0.4  0.1  10.0  7.15627  2.17803  3.00944  12.11868
421  0.1  0.6  0.5  10.0  7.15628  2.58544  2.45985  13.00134
422  0.5  0.7  0.7  10.0  7.15660  2.63691  3.37008  15.07847
423  0.7  0.8  0.7  10.0  7.15734  2.84396  3.38976  12.80869
424  0.3  0.2  0.9  10.0  7.15805  2.42756  2.05952  11.43624
425  1.0  0.5  0.1  10.0  7.16560  2.97246  3.03776  13.20269
426  0.4  1.0  0.5  10.0  7.16647  2.35815  2.80093  13.45632
427  1.0  1.0  0.5  10.0  7.16741  2.43579  2.47974  11.89736
428  0.9  0.9  0.9  10.0  7.16880  2.87072  3.00122  15.43841
429  0.9  0.6  0.2  10.0  7.16924  2.79384  2.33100  12.08647
430  0.6  0.5  0.9  10.0  7.16926  2.44341  3.85441  16.03229
431  0.6  0.2  0.9  10.0  7.16935  2.91262  1.31143  17.27402
432  0.9  0.9  0.6  10.0  7.17097  3.11308  3.87943  15.30840
433  0.6  0.6  0.5  10.0  7.17160  2.33020  3.47980  12.70257
434  0.1  0.3  0.4  10.0  7.17263  2.44672  4.01393  13.03099
435  1.0  0.8  0.6  10.0  7.17279  2.51870  3.02731  13.07110
436  0.9  0.4  0.8  10.0  7.17438  2.92376  3.00824  13.21110
437  0.2  0.6  1.0  10.0  7.17548  3.28588  2.64591  17.93101
438  0.2  0.2  0.7  10.0  7.17923  2.60254  3.53235  12.90904
439  0.2  0.8  0.3  10.0  7.17987  2.39324  2.99875  11.79960
440  0.4  0.6  1.0  10.0  7.18497  2.12243  3.17182  11.54870
441  0.9  0.8  0.2  10.0  7.19345  3.16772  3.25658  15.86686
442  0.2  0.2  0.4  10.0  7.19424  2.09667  3.12071  10.96782
443  0.4  0.9  0.9  10.0  7.19465  2.27109  3.25717  11.17864
444  0.2  0.3  0.5  10.0  7.19485  2.60201  3.65143  14.87534
445  0.7  1.0  0.5  10.0  7.19662  2.39336  3.00475  11.65588
446  0.5  0.3  0.6  10.0  7.19747  2.61948  3.22005  12.80490
447  0.4  0.2  0.6  10.0  7.20149  2.47094  3.36862  12.46081
448  0.8  0.2  0.6  10.0  7.20473  2.93149  3.01068  17.31092
449  0.5  0.4  1.0  10.0  7.20496  2.77268  4.02746  14.92977
450  0.5  0.8  0.3  10.0  7.20759  2.39300  4.00480  13.39122
451  0.3  0.2  0.4  10.0  7.20774  2.50161  3.20464  12.10076
452  0.1  0.5  0.4  10.0  7.20805  2.40439  3.00414  12.96066
453  0.4  0.7  0.7  10.0  7.21001  2.61624  0.02998  13.28930
454  0.2  0.6  0.6  10.0  7.21084  3.32490  3.19255  21.14694
455  0.4  0.1  0.1  10.0  7.21207  2.84166  2.52344  13.27485
456  0.3  0.4  0.1  10.0  7.21260  2.67162  3.08385  14.31392
457  0.7  0.2  0.1  10.0  7.21274  2.88224  3.15159  13.54192
458  0.6  0.9  0.6  10.0  7.21281  2.16830  3.00205  10.56387
459  0.7  0.2  0.6  10.0  7.21438  3.19306  2.03326  14.67324
460  0.2  0.1  0.4  10.0  7.21619  2.81612  2.03852  15.57400
461  0.5  0.1  0.2  10.0  7.21631  2.65129  2.62424  12.39049
462  0.9  1.0  0.8  10.0  7.21673  2.81825  3.01806  13.05699
463  0.8  0.3  0.4  10.0  7.21820  2.78558  3.34531  14.30715
464  0.4  0.4  0.2  10.0  7.21943  3.00773  2.00636  15.24226
465  0.3  0.7  0.2  10.0  7.22062  2.71799  2.40699  14.22054
466  0.3  0.5  0.4  10.0  7.22064  2.94814  3.02104  15.64671
467  1.0  0.5  0.8  10.0  7.22079  2.24482  2.14722  12.94351
468  0.7  0.1  0.5  10.0  7.22217  2.49672  3.28355  15.09034
469  0.3  0.2  0.2  10.0  7.22432  2.89444  1.09149  13.51983
470  0.4  0.2  1.0  10.0  7.22451  2.59594  2.84917  14.60551
471  0.2  0.1  0.5  10.0  7.23046  2.43249  3.06947  14.83134
472  0.5  0.3  0.4  10.0  7.23104  2.71796  2.13066  13.61742
473  0.5  0.8  0.5  10.0  7.23368  3.18625  2.99899  15.00427
474  0.4  0.5  0.1  10.0  7.23508  2.29560  4.01394  14.40394
475  0.3  0.3  0.6  10.0  7.23577  1.97955  4.00181  11.76446
476  0.6  0.3  0.3  10.0  7.23713  2.29854  3.99619  13.37651
477  0.5  1.0  0.4  10.0  7.23767  3.27521  2.01228  14.02172
478  0.2  1.0  0.4  10.0  7.23847  2.45355  3.99627  12.96113
479  0.5  0.3  0.8  10.0  7.23877  2.34274  3.99057  11.86472
480  0.4  0.8  0.7  10.0  7.23922  2.43463  3.15009  12.29540
481  0.6  0.4  0.9  10.0  7.24043  3.15572  2.00770  19.04800
482  0.4  0.2  0.3  10.0  7.24603  3.43632  1.53215  17.10537
483  0.3  0.5  0.1  10.0  7.24626  2.50635  4.55345  17.85087
484  0.1  0.3  0.1  10.0  7.24670  2.07515  3.36557  11.21877
485  0.6  0.1  0.3  10.0  7.24682  3.27366  2.19346  15.28504
486  0.6  0.9  0.5  10.0  7.24790  2.47840  4.05703  13.35456
487  0.3  0.8  0.7  10.0  7.24954  2.40390  3.27102  12.34705
488  0.2  1.0  0.5  10.0  7.25006  3.64237  2.39382  18.37597
489  0.8  0.9  0.8  10.0  7.25240  3.04105  2.12583  15.31708
490  0.6  0.2  0.8  10.0  7.25296  2.93600  3.23367  17.06406
491  0.1  0.5  0.2  10.0  7.25522  2.99067  2.79897  15.54615
492  0.5  0.6  1.0  10.0  7.25652  3.05447  2.31921  14.95265
493  0.5  0.1  0.9  10.0  7.25704  2.90592  2.60244  14.02753
494  0.4  0.3  0.4  10.0  7.26072  2.50692  2.99295  14.45792
495  0.8  0.4  0.8  10.0  7.26118  2.17446  4.00966  12.48116
496  0.1  1.0  0.3  10.0  7.26156  2.65739  3.20999  18.02607
497  0.2  0.1  0.6  10.0  7.26185  1.76294  4.19819  11.52695
498  0.4  0.1  0.3  10.0  7.26291  2.69282  3.02192  13.56421
499  0.6  0.1  0.7  10.0  7.26407  2.30887  3.07336  11.69317
500  0.7  0.5  0.3  10.0  7.26745  3.07126  3.16840  15.49161
501  0.7  0.7  0.4  10.0  7.27022  2.62258  3.01632  13.45692
502  0.4  0.7  0.5  10.0  7.27279  2.09670  2.99881  10.67856
503  0.2  0.7  0.5  10.0  7.27493  2.65161  3.03815  16.71765
504  0.2  0.9  0.8  10.0  7.27673  2.49782  2.99932  11.88233
505  0.7  0.7  0.9  10.0  7.28453  2.64657  3.03573  13.77189
506  0.7  0.2  0.9  10.0  7.28556  2.83707  2.32241  12.85488
507  0.3  0.6  0.8  10.0  7.28904  2.55362  2.99755  14.01281
508  1.0  0.9  0.2  10.0  7.29027  2.53615  3.00568  13.06603
509  0.5  0.7  0.9  10.0  7.29075  3.31107  1.99904  14.15361
510  0.4  0.3  0.2  10.0  7.29153  2.92398  2.18770  15.04338
511  0.1  1.0  0.7  10.0  7.29439  3.02280  3.05892  14.35133
512  0.1  0.6  0.4  10.0  7.29463  3.06431  3.02688  16.44624
513  0.6  0.5  0.8  10.0  7.29478  2.19108  2.99720  11.00010
514  0.1  0.8  0.4  10.0  7.29569  2.36934  2.99377  11.26789
515  0.9  0.7  0.1  10.0  7.29635  3.26519  2.64492  17.53202
516  0.2  1.0  0.3  10.0  7.29905  2.45943  4.00042  16.03407
517  0.8  0.4  0.1  10.0  7.30327  3.56422  3.23817  19.47798
518  0.1  1.0  0.1  10.0  7.30752  2.42307  3.36732  13.36967
519  0.7  0.7  0.2  10.0  7.30880  2.36954  4.19962  14.49315
520  0.7  0.4  1.0  10.0  7.31021  2.20340  3.20957  11.61073
521  0.6  0.1  0.6  10.0  7.31073  3.14139  1.99914  15.14921
522  0.9  0.1  1.0  10.0  7.31114  2.75571  2.43690  13.84707
523  0.2  0.4  0.3  10.0  7.31400  2.03259  4.18859  11.10355
524  0.1  0.9  0.5  10.0  7.31486  2.61727  3.46102  12.72850
525  0.4  0.6  0.6  10.0  7.31519  3.22511  3.05400  16.77470
526  0.2  0.4  0.6  10.0  7.31624  3.04023  2.02540  14.73393
527  0.6  1.0  0.5  10.0  7.31778  2.67303  3.99513  13.00150
528  0.6  0.9  0.1  10.0  7.31890  3.23213  2.16596  15.33969
529  0.2  0.1  0.9  10.0  7.31989  3.06649  3.13495  13.64788
530  0.9  0.2  0.8  10.0  7.32083  2.41198  2.09218  13.28599
531  0.9  0.5  0.4  10.0  7.32329  2.93650  1.50526  15.29752
532  0.6  0.8  0.7  10.0  7.32386  2.91392  3.10663  16.29569
533  0.8  0.2  0.2  10.0  7.32501  3.04217  2.03758  15.86202
534  0.7  0.8  0.5  10.0  7.32596  2.66163  3.34479  12.65915
535  0.2  0.5  1.0  10.0  7.32623  2.90293  0.02804  13.47098
536  0.9  0.4  0.4  10.0  7.32679  2.13420  4.00334  12.63684
537  0.5  1.0  1.0  10.0  7.32912  3.26008  1.16131  16.10604
538  0.4  0.9  0.3  10.0  7.32924  2.92795  3.72433  15.02946
539  0.4  0.6  0.7  10.0  7.33048  2.96716  3.03134  15.95509
540  0.8  0.7  1.0  10.0  7.33130  3.38393  2.89637  17.97988
541  1.0  0.5  0.9  10.0  7.33191  2.80643  2.00260  14.89902
542  0.2  1.0  0.7  10.0  7.33241  1.78039  4.32103  10.94966
543  0.9  0.4  0.9  10.0  7.33294  3.25604  2.04636  17.17066
544  1.0  0.1  0.6  10.0  7.33331  2.41137  4.00257  12.94920
545  0.8  0.7  0.9  10.0  7.33370  2.37271  3.99755  13.17491
546  0.3  0.9  0.7  10.0  7.33412  2.27134  3.02056  11.28486
547  0.8  0.9  0.1  10.0  7.33607  2.39343  3.01049  12.12172
548  0.3  0.7  0.6  10.0  7.34048  3.15710  1.01500  15.33035
549  1.0  0.3  0.8  10.0  7.34066  2.99213  3.03797  16.80146
550  0.4  0.2  0.5  10.0  7.34527  2.68544  2.04482  12.83930
551  0.9  0.1  0.3  10.0  7.34838  2.65385  3.96434  12.64297
552  0.1  1.0  0.5  10.0  7.34895  2.79951  0.91671  13.45504
553  0.7  0.3  0.4  10.0  7.34915  2.29842  3.52312  13.76715
554  0.3  0.6  0.4  10.0  7.34934  2.87306  2.56683  16.55252
555  0.7  0.7  0.8  10.0  7.35004  2.34395  3.44177  11.94836
556  0.5  0.4  0.3  10.0  7.35012  3.10827  2.18547  13.60147
557  0.6  0.4  0.3  10.0  7.35061  2.71069  2.00956  12.48181
558  0.7  0.1  0.1  10.0  7.35100  3.20319  3.00880  14.33201
559  0.4  0.5  0.3  10.0  7.35187  2.78894  2.02102  13.41669
560  0.6  0.8  0.9  10.0  7.35248  2.78514  3.46637  15.57337
561  0.4  0.6  0.5  10.0  7.35291  3.09959  3.06712  18.49120
562  1.0  0.3  0.5  10.0  7.35502  2.80712  3.01719  14.03414
563  0.9  0.7  0.9  10.0  7.35682  2.23426  3.77941  11.20302
564  0.3  0.5  0.3  10.0  7.35701  3.11661  3.95299  17.36950
565  0.5  0.5  0.7  10.0  7.35720  2.49363  3.98874  14.27434
566  1.0  0.6  0.7  10.0  7.35734  3.60597  2.35265  15.01839
567  1.0  0.7  0.8  10.0  7.35782  2.34858  3.83802  12.10031
568  0.5  0.9  0.3  10.0  7.35790  2.10075  3.03223  10.36631
569  0.5  0.4  0.6  10.0  7.35953  2.83654  1.31821  13.55835
570  1.0  0.9  0.3  10.0  7.36094  2.76707  2.57451  14.08995
571  0.6  0.2  0.4  10.0  7.36113  2.77197  3.60213  14.03721
572  0.8  0.5  0.8  10.0  7.36241  2.87934  2.01125  13.40509
573  1.0  0.2  0.9  10.0  7.36636  2.66459  3.05784  13.87467
574  0.2  0.8  0.5  10.0  7.36876  2.37973  2.51300  11.33659
575  0.2  0.9  1.0  10.0  7.36932  2.89841  1.98244  13.22401
576  0.1  0.1  0.4  10.0  7.37045  3.43036  1.33997  17.84467
577  0.1  0.2  0.9  10.0  7.37085  3.03665  3.01162  14.22005
578  0.3  0.3  0.5  10.0  7.37273  2.17641  4.03707  12.27597
579  0.9  0.5  0.1  10.0  7.37614  3.12948  2.02283  13.19055
580  0.8  0.9  0.5  10.0  7.37668  2.28133  3.06378  11.49682
581  0.3  1.0  0.7  10.0  7.37882  2.63177  3.25090  12.01505
582  0.8  0.9  0.7  10.0  7.37979  2.69931  4.02198  14.25362
583  0.3  0.7  0.3  10.0  7.37980  3.06697  1.49960  12.41290
584  0.1  0.7  0.3  10.0  7.37982  3.07126  2.99349  16.09080
585  0.5  0.5  1.0  10.0  7.38250  3.31491  3.01037  16.24130
586  0.7  0.3  0.7  10.0  7.38260  1.81866  3.02960  11.35722
587  0.4  0.6  0.4  10.0  7.38447  2.84653  3.99528  14.17705
588  0.8  0.8  0.1  10.0  7.38498  2.59282  3.11468  14.17043
589  0.3  0.6  1.0  10.0  7.38697  2.71803  3.09177  14.12767
590  0.2  0.2  0.2  10.0  7.38843  2.62972  2.29177  12.51203
591  0.2  0.2  0.1  10.0  7.38893  2.56723  2.40086  12.86302
592  0.8  0.7  0.4  10.0  7.38909  3.96565  2.00762  18.90062
593  0.3  0.3  0.9  10.0  7.38925  3.17752  3.21570  16.97760
594  0.3  0.7  0.5  10.0  7.39190  2.42469  3.00604  13.20685
595  0.1  0.4  0.7  10.0  7.39364  3.04926  2.99680  14.30765
596  0.5  0.2  0.5  10.0  7.39450  2.41776  4.00695  15.40957
597  0.3  1.0  0.3  10.0  7.39741  2.55670  2.07565  13.08287
598  0.6  0.4  0.6  10.0  7.39742  2.93117  3.38281  15.04581
599  0.6  1.0  0.1  10.0  7.39981  2.87202  3.01362  16.79632
600  0.2  0.9  0.2  10.0  7.40139  2.27144  3.25661  13.91145
601  0.9  0.2  0.4  10.0  7.40350  2.44474  2.41200  12.03156
602  0.5  1.0  0.1  10.0  7.40923  4.24467  1.06112  23.86829
603  0.2  0.1  0.1  10.0  7.41112  2.76729  3.04660  16.85471
604  0.5  0.9  0.7  10.0  7.41304  3.06778  2.99601  16.19357
605  0.5  0.1  0.3  10.0  7.41410  2.77447  3.99497  15.88533
606  0.3  0.2  0.6  10.0  7.41643  2.85114  2.02004  12.82455
607  1.0  0.3  1.0  10.0  7.41838  3.48931  3.78301  22.19621
608  0.8  0.9  0.4  10.0  7.41878  2.59713  3.99263  16.41014
609  0.4  0.3  1.0  10.0  7.41925  2.62580  4.01011  14.01078
610  0.9  0.2  0.5  10.0  7.41984  3.54149  3.27179  15.47833
611  0.7  0.1  0.6  10.0  7.42054  2.89358  1.79835  14.99819
612  0.7  0.8  0.9  10.0  7.42191  3.30996  2.08333  14.19699
613  0.3  0.1  0.9  10.0  7.42230  2.95117  2.69345  13.87810
614  0.1  0.3  0.5  10.0  7.42320  2.72205  4.01072  13.31522
615  0.5  0.2  0.2  10.0  7.42354  3.20682  2.01026  14.84583
616  1.0  0.3  0.9  10.0  7.42678  1.86909  4.38969  12.51302
617  0.6  0.1  0.5  10.0  7.42716  2.50332  3.01804  13.60132
618  0.1  0.4  0.5  10.0  7.42785  2.88388  3.00517  16.93241
619  0.1  0.8  0.7  10.0  7.42826  3.40307  3.01506  17.22275
620  1.0  0.7  0.4  10.0  7.42880  2.58236  2.01703  13.52788
621  0.3  0.3  0.1  10.0  7.42891  3.23042  3.15324  16.06203
622  0.9  0.5  0.8  10.0  7.43065  2.34797  3.01476  13.56153
623  0.6  0.1  0.9  10.0  7.43131  2.66304  2.79710  12.94958
624  0.4  0.2  0.8  10.0  7.43231  2.79970  2.39325  14.18647
625  0.5  0.7  0.2  10.0  7.43266  3.03650  3.23489  15.98872
626  0.7  0.4  0.3  10.0  7.43419  3.10377  2.65444  14.34826
627  0.6  0.4  0.2  10.0  7.43701  2.00126  4.23208  11.74514
628  0.7  0.3  0.9  10.0  7.43730  2.62448  3.00524  12.64491
629  1.0  0.9  0.7  10.0  7.43929  2.52105  2.47264  12.85894
630  0.7  0.8  1.0  10.0  7.43958  3.17553  3.01265  16.85745
631  0.8  0.3  0.7  10.0  7.44149  3.47611  3.04064  18.35241
632  0.6  0.5  0.7  10.0  7.44176  3.20525  3.69548  18.76558
633  0.5  0.2  1.0  10.0  7.44223  3.78689  2.99242  22.43198
634  0.9  0.2  0.3  10.0  7.44424  2.42504  3.58480  15.67230
635  0.7  0.3  1.0  10.0  7.44455  2.66442  3.34770  14.13442
636  1.0  0.6  0.1  10.0  7.44656  2.74103  2.30972  13.21532
637  1.0  0.2  0.7  10.0  7.44872  2.78852  3.20401  13.33674
638  0.5  0.9  0.2  10.0  7.45136  2.41063  3.02737  13.19787
639  0.4  1.0  1.0  10.0  7.45275  3.22002  2.32942  15.48479
640  0.8  0.2  0.4  10.0  7.45551  2.53718  4.04826  13.14532
641  0.1  0.7  0.1  10.0  7.45596  3.19058  3.00320  14.40866
642  0.9  0.6  0.8  10.0  7.45598  3.02196  2.99567  14.64908
643  0.1  0.9  0.8  10.0  7.45676  3.19940  3.01204  17.08711
644  0.3  0.5  0.8  10.0  7.45823  3.68621  2.01255  21.24762
645  0.8  0.8  0.7  10.0  7.45890  2.86238  3.58725  16.14660
646  0.3  0.6  0.7  10.0  7.45994  2.48838  3.44583  14.35195
647  0.6  0.8  0.6  10.0  7.46223  2.58913  3.92215  14.40290
648  0.9  0.5  0.3  10.0  7.46583  2.82769  2.53866  13.49762
649  0.1  0.3  0.2  10.0  7.46678  2.86220  3.32446  15.36055
650  0.9  0.2  0.7  10.0  7.46917  3.09474  3.00052  17.14931
651  1.0  0.7  0.6  10.0  7.47106  2.45730  4.01433  14.72703
652  1.0  0.7  0.1  10.0  7.47228  2.76048  3.99203  14.06029
653  0.5  0.3  0.3  10.0  7.47333  2.64257  2.96014  14.02925
654  0.1  1.0  0.8  10.0  7.47548  2.61916  3.01396  15.34859
655  0.9  0.8  1.0  10.0  7.47566  2.53408  3.42397  11.73644
656  0.4  0.4  1.0  10.0  7.47689  2.61333  2.31705  14.88848
657  1.0  0.1  0.1  10.0  7.47743  2.36841  3.29191  14.01199
658  1.0  0.3  0.7  10.0  7.47760  3.08608  3.00077  15.21791
659  1.0  0.9  1.0  10.0  7.47896  2.61877  3.05359  14.26998
660  0.7  0.6  1.0  10.0  7.47926  3.03913  2.18897  15.96475
661  0.1  1.0  0.6  10.0  7.47934  2.44928  3.14708  13.34212
662  0.7  0.9  0.3  10.0  7.47956  1.95951  4.66450  12.00578
663  1.0  1.0  0.6  10.0  7.48119  3.49095  2.12600  20.90428
664  0.1  0.7  0.4  10.0  7.48209  2.27261  4.04438  12.97244
665  0.8  0.2  0.9  10.0  7.48448  3.08816  3.01922  15.37083
666  0.4  0.1  0.4  10.0  7.48603  3.85258  0.03263  18.40898
667  0.7  0.6  0.6  10.0  7.48627  2.35934  2.99877  12.17652
668  0.2  0.9  0.5  10.0  7.48789  2.06159  4.48188  11.33923
669  0.4  0.6  0.9  10.0  7.49010  3.02717  3.00303  14.97968
670  0.6  0.1  1.0  10.0  7.49044  2.79533  3.05670  15.54705
671  0.7  0.7  0.6  10.0  7.49048  2.86174  3.98606  15.67558
672  0.4  0.1  0.9  10.0  7.49327  2.09074  4.35638  11.62283
673  0.9  0.1  0.8  10.0  7.49521  3.62925  1.65043  20.90728
674  0.5  0.8  0.8  10.0  7.49576  3.55395  2.19651  14.89003
675  0.8  0.7  0.3  10.0  7.49792  2.61856  3.00633  16.08604
676  0.1  0.5  0.1  10.0  7.50325  2.26351  4.06311  13.10616
677  0.8  0.9  1.0  10.0  7.50342  2.84977  3.16247  14.38560
678  0.8  0.1  0.1  10.0  7.50420  2.99850  3.45796  17.70802
679  0.9  0.3  0.4  10.0  7.50660  2.92947  2.99482  14.10959
680  0.1  0.2  0.5  10.0  7.50763  2.76568  3.25991  13.19182
681  0.5  0.9  0.1  10.0  7.50986  2.41239  3.98508  14.59747
682  0.4  0.3  0.7  10.0  7.51114  3.12156  3.02988  18.78220
683  0.6  0.7  0.8  10.0  7.51115  3.22725  1.17681  13.81647
684  0.2  0.8  0.4  10.0  7.51117  3.58316  3.02366  18.59747
685  0.2  0.4  0.8  10.0  7.51141  3.16861  3.00587  14.23127
686  0.9  0.5  0.5  10.0  7.51339  2.95492  3.02568  12.91060
687  0.6  1.0  0.2  10.0  7.51424  3.36077  2.91630  16.26024
688  0.6  0.7  0.7  10.0  7.51427  2.67387  2.67730  11.97832
689  0.9  0.4  0.6  10.0  7.51627  3.87387  2.02055  21.04058
690  0.4  0.8  0.8  10.0  7.51692  3.43793  2.02189  17.20006
691  0.6  0.7  0.6  10.0  7.52189  3.42558  2.00140  19.48933
692  0.5  0.7  1.0  10.0  7.52256  2.38029  2.25418  13.37789
693  0.7  0.3  0.8  10.0  7.52356  2.78870  2.16145  14.31295
694  0.1  0.8  0.5  10.0  7.52481  3.01590  3.01640  16.97341
695  0.1  0.5  0.8  10.0  7.52643  3.10577  2.64195  17.93971
696  1.0  1.0  0.3  10.0  7.52751  2.18961  3.16389  12.17857
697  0.8  0.7  0.6  10.0  7.52777  3.10684  2.64254  14.39579
698  0.1  0.3  0.8  10.0  7.52893  2.65656  4.09522  17.04318
699  0.1  0.9  0.2  10.0  7.52971  2.18234  4.01137  13.23283
700  0.6  0.6  0.8  10.0  7.52979  3.54532  1.51987  18.13928
701  0.5  0.7  0.5  10.0  7.53106  3.12276  3.03633  14.52673
702  0.9  0.1  0.7  10.0  7.53203  2.51475  3.38315  13.90005
703  0.6  0.8  0.2  10.0  7.53281  2.87348  4.08161  15.35975
704  0.1  0.5  0.6  10.0  7.53363  2.74899  3.04353  14.97827
705  1.0  0.8  0.8  10.0  7.53656  3.09108  3.02543  18.29596
706  0.2  0.8  0.7  10.0  7.53748  3.14226  3.81569  13.37371
707  0.8  0.1  0.9  10.0  7.54033  2.46464  3.09049  13.37497
708  0.8  1.0  0.1  10.0  7.54167  2.90267  2.89418  14.25194
709  0.9  0.3  1.0  10.0  7.54271  2.58384  2.42019  12.34335
710  0.8  0.2  0.7  10.0  7.54328  2.40434  3.30799  12.97052
711  0.1  0.5  0.9  10.0  7.54453  3.28895  1.50570  14.01524
712  0.6  0.5  0.1  10.0  7.54564  3.04864  3.36873  14.41041
713  0.8  0.6  0.8  10.0  7.55129  3.10680  3.01700  14.67511
714  0.9  0.1  0.6  10.0  7.55453  2.65940  1.99394  12.24145
715  0.4  0.5  0.8  10.0  7.55647  2.99275  1.69839  16.03019
716  0.7  1.0  0.7  10.0  7.55739  2.89384  2.35111  13.44766
717  1.0  0.4  0.2  10.0  7.55787  2.69939  2.18929  12.67344
718  0.1  0.9  0.4  10.0  7.55911  2.73149  1.04783  11.89196
719  1.0  0.3  0.6  10.0  7.56073  3.28007  2.63362  20.00405
720  0.2  0.5  0.1  10.0  7.56109  2.74375  4.09060  14.51254
721  0.4  0.7  1.0  10.0  7.56196  2.74737  2.99706  13.42964
722  0.3  0.5  0.2  10.0  7.56214  2.54370  3.69977  15.00571
723  1.0  0.4  0.7  10.0  7.56335  2.99276  3.01487  15.56211
724  0.4  0.6  0.3  10.0  7.56436  3.36509  4.00713  17.72535
725  0.8  0.1  0.2  10.0  7.56450  2.92469  4.06150  16.17977
726  0.5  1.0  0.9  10.0  7.56498  3.33168  2.14565  16.01915
727  0.1  1.0  1.0  10.0  7.56687  1.98493  3.63989  12.37673
728  0.4  0.7  0.6  10.0  7.56691  3.17303  2.48952  16.98262
729  0.5  0.5  0.1  10.0  7.57091  2.88034  3.15632  17.08057
730  0.4  1.0  0.1  10.0  7.57582  2.63731  3.15857  12.17513
731  0.7  0.2  0.2  10.0  7.58065  3.86986  3.01472  17.53418
732  0.5  0.9  0.9  10.0  7.58128  2.75859  4.00328  15.99479
733  0.1  0.7  0.2  10.0  7.58249  2.35363  4.16078  14.03903
734  0.5  0.1  0.6  10.0  7.58318  2.64097  3.01168  12.96746
735  0.1  0.6  0.7  10.0  7.58554  2.71887  2.99571  14.28424
736  0.4  0.7  0.2  10.0  7.58615  3.47120  2.77085  14.06010
737  0.3  0.5  0.7  10.0  7.59253  2.71323  4.01097  15.50632
738  0.8  0.7  0.7  10.0  7.59274  3.09472  3.02599  13.11240
739  0.7  0.7  0.3  10.0  7.59507  2.45646  3.13016  13.84370
740  0.2  0.7  0.3  10.0  7.59735  3.85414  3.00092  17.94802
741  0.2  0.4  0.5  10.0  7.59796  3.01917  1.83041  13.35195
742  0.5  0.8  0.6  10.0  7.59851  3.98022  3.03041  21.15394
743  0.3  0.9  0.9  10.0  7.60007  2.58756  3.22176  14.48790
744  1.0  0.7  0.7  10.0  7.60583  2.66846  2.12950  13.06601
745  0.8  0.1  0.3  10.0  7.60759  3.69391  0.02785  18.97941
746  0.3  0.3  0.3  10.0  7.60880  2.71737  3.11908  13.90126
747  0.4  0.4  0.3  10.0  7.60912  2.87155  3.02424  12.41216
748  0.2  0.4  0.7  10.0  7.60994  2.77114  3.19288  12.95491
749  0.5  0.9  0.8  10.0  7.61000  3.74070  3.22439  22.43257
750  0.5  0.7  0.8  10.0  7.61214  3.05519  3.61809  13.24513
751  0.7  0.5  0.7  10.0  7.61219  3.30464  2.67202  16.99778
752  0.2  1.0  1.0  10.0  7.61341  2.68889  3.81938  13.36806
753  0.8  0.8  0.6  10.0  7.61501  2.88184  3.08696  12.81594
754  1.0  0.1  0.8  10.0  7.61560  2.93224  1.66428  17.48737
755  0.8  0.7  0.1  10.0  7.61596  3.56717  3.02992  17.52703
756  0.4  0.7  0.9  10.0  7.61715  3.09281  2.65658  17.30640
757  0.7  0.4  0.4  10.0  7.61739  3.24348  3.39237  20.73470
758  1.0  0.8  0.3  10.0  7.62523  3.13069  2.15991  12.95978
759  0.3  0.9  0.4  10.0  7.62717  2.90402  3.19173  15.89456
760  0.3  0.3  0.4  10.0  7.62729  2.69725  3.19925  13.41913
761  1.0  1.0  1.0  10.0  7.62876  2.60250  2.35368  12.98955
762  0.8  0.4  0.2  10.0  7.62910  2.58441  2.26772  14.82387
763  0.1  0.7  0.7  10.0  7.62926  2.74569  3.09406  14.13185
764  0.1  0.1  0.9  10.0  7.63183  2.93043  3.55679  13.46372
765  0.2  1.0  0.6  10.0  7.63601  2.85595  3.03324  14.19702
766  1.0  1.0  0.7  10.0  7.64068  2.84559  4.40408  14.00148
767  0.9  0.3  0.6  10.0  7.64095  3.23279  2.34926  14.34789
768  0.6  1.0  0.7  10.0  7.64338  2.84612  2.10565  15.18753
769  0.9  0.9  0.2  10.0  7.64380  3.06352  3.00076  15.51202
770  0.5  0.5  0.4  10.0  7.64412  3.04935  3.99994  15.42532
771  0.8  0.5  0.9  10.0  7.64473  3.37745  2.09233  14.68567
772  0.6  0.2  1.0  10.0  7.64709  2.69041  3.46579  16.13366
773  0.5  0.3  0.1  10.0  7.64788  2.82828  2.00243  13.43041
774  0.7  0.8  0.8  10.0  7.64898  2.93794  3.05801  13.70746
775  0.2  0.7  0.2  10.0  7.64918  2.40319  3.82376  13.98595
776  0.4  0.4  0.6  10.0  7.64976  3.13048  3.43801  16.68477
777  0.3  1.0  0.2  10.0  7.65151  2.89844  3.35729  15.98104
778  0.6  0.3  0.5  10.0  7.65224  2.92353  2.09896  14.10189
779  0.6  0.1  0.1  10.0  7.65224  3.56743  2.36330  16.73920
780  0.9  0.7  0.6  10.0  7.65249  2.19088  3.52732  12.47321
781  0.3  0.9  0.6  10.0  7.65458  3.31132  3.91773  17.30966
782  0.6  0.2  0.5  10.0  7.65489  2.70114  4.09811  15.96155
783  0.6  0.3  0.9  10.0  7.65536  3.06313  2.86850  17.19967
784  0.7  0.1  0.9  10.0  7.65563  3.42999  2.18986  18.88821
785  0.9  0.3  0.5  10.0  7.66574  2.51650  4.24131  13.86563
786  0.1  0.9  1.0  10.0  7.66605  3.01725  2.03195  15.50856
787  0.3  1.0  0.5  10.0  7.66640  2.03852  3.98749  13.28161
788  0.7  0.6  0.2  10.0  7.66868  3.05925  3.17890  14.17237
789  0.3  1.0  0.8  10.0  7.67004  2.00418  4.03476  13.41649
790  0.7  1.0  0.6  10.0  7.67823  3.13787  3.00107  15.89605
791  0.3  0.3  0.7  10.0  7.67861  2.71445  3.99149  12.89921
792  0.5  0.6  0.6  10.0  7.67962  2.85733  3.92770  14.28870
793  0.1  0.7  0.5  10.0  7.67973  3.10134  3.59568  15.32050
794  0.7  0.7  0.1  10.0  7.68076  2.68859  2.99948  15.48483
795  0.5  0.3  0.7  10.0  7.68149  3.04440  2.42736  14.78629
796  1.0  0.2  0.4  10.0  7.68163  3.20314  3.04948  15.46156
797  0.5  0.6  0.9  10.0  7.68367  2.09773  4.25535  12.03897
798  0.6  0.7  1.0  10.0  7.68422  2.66684  4.46163  15.49790
799  0.7  0.7  0.7  10.0  7.68454  2.34699  3.84622  14.40647
800  0.4  0.8  0.4  10.0  7.68970  2.10760  3.53011  11.19948
801  1.0  0.6  0.2  10.0  7.69058  3.56055  3.05293  19.55907
802  1.0  0.8  0.7  10.0  7.69125  2.53778  3.01203  11.72723
803  0.2  0.4  0.9  10.0  7.69283  3.30597  2.01517  18.49037
804  0.5  1.0  0.8  10.0  7.69799  2.02430  2.46050  12.48024
805  0.5  0.1  1.0  10.0  7.69952  2.56650  2.01204  12.94688
806  0.1  0.7  0.8  10.0  7.70016  2.45469  3.86446  12.93372
807  0.6  0.2  0.1  10.0  7.70607  2.84411  2.42369  15.27346
808  0.6  0.6  0.2  10.0  7.70833  2.89892  2.07238  16.64831
809  1.0  0.7  1.0  10.0  7.71295  2.38631  3.05997  11.79290
810  0.4  0.8  0.2  10.0  7.71306  2.37997  2.90030  12.98176
811  0.8  0.6  0.7  10.0  7.71492  2.88091  4.05033  14.02978
812  0.8  0.5  0.5  10.0  7.71739  3.18902  3.14610  16.10658
813  1.0  0.6  0.5  10.0  7.72308  2.68551  3.32997  12.74064
814  0.1  0.4  0.2  10.0  7.72692  2.96400  3.76327  17.58063
815  0.9  0.7  0.5  10.0  7.72844  3.17537  3.01309  16.34105
816  0.3  0.5  1.0  10.0  7.73257  3.86236  3.00163  22.91408
817  1.0  0.2  0.5  10.0  7.73298  2.96094  3.82668  16.12544
818  0.6  0.4  0.1  10.0  7.73905  3.35756  2.01894  15.63235
819  1.0  1.0  0.9  10.0  7.73968  2.42223  3.77959  13.82108
820  0.2  0.3  0.2  10.0  7.74064  2.94215  3.02923  13.58574
821  0.6  1.0  1.0  10.0  7.74115  3.44590  3.48760  19.83062
822  0.2  1.0  0.1  10.0  7.74186  2.86165  4.00235  12.96718
823  0.4  0.7  0.8  10.0  7.74208  2.90729  2.72985  14.47713
824  0.8  0.4  0.3  10.0  7.74358  3.69525  2.46177  21.20780
825  0.9  1.0  1.0  10.0  7.74467  3.21137  3.02655  17.56907
826  0.3  0.8  1.0  10.0  7.74674  3.97915  2.03445  19.31547
827  0.2  0.1  0.3  10.0  7.74788  2.99098  2.66876  16.53226
828  0.9  0.9  0.3  10.0  7.74938  3.17415  1.74944  14.47623
829  0.9  0.6  0.5  10.0  7.75056  3.82494  2.02074  22.22293
830  0.3  0.2  0.8  10.0  7.75217  3.27557  2.99854  15.56669
831  0.7  0.6  0.1  10.0  7.75229  2.33550  4.30922  13.83918
832  0.3  0.7  0.8  10.0  7.75281  3.42123  3.58175  20.36440
833  0.8  0.5  0.7  10.0  7.75362  2.69164  3.63108  13.99935
834  0.2  0.1  0.2  10.0  7.76418  3.15758  1.03815  13.45387
835  0.5  0.9  0.6  10.0  7.76445  3.03773  1.99767  16.22735
836  0.3  0.7  0.1  10.0  7.76571  2.24624  3.88359  13.07822
837  0.9  0.5  1.0  10.0  7.76699  3.20052  3.00258  15.74119
838  0.9  0.4  0.5  10.0  7.76801  3.14738  1.09665  14.98078
839  0.7  0.3  0.6  10.0  7.77499  3.13954  3.16048  18.98329
840  0.7  1.0  1.0  10.0  7.77690  3.46391  3.12787  18.66103
841  0.5  0.2  0.9  10.0  7.77746  2.56563  3.04811  15.09083
842  0.1  0.4  0.9  10.0  7.77994  2.88840  1.99887  15.11462
843  0.4  0.1  0.2  10.0  7.78000  2.92634  3.01193  13.20305
844  1.0  0.5  0.6  10.0  7.78210  2.21941  3.98557  13.48432
845  0.4  0.3  0.3  10.0  7.78408  3.47671  2.61686  16.93336
846  0.8  0.5  0.4  10.0  7.78457  2.84475  3.01948  14.35964
847  0.7  0.4  0.2  10.0  7.78486  3.71583  2.08887  19.96258
848  0.2  0.9  0.6  10.0  7.78570  2.59865  3.07113  13.40835
849  0.7  0.6  0.7  10.0  7.78584  3.59703  3.00669  21.90030
850  0.5  0.6  0.3  10.0  7.78841  2.87752  2.08698  13.66647
851  0.7  0.4  0.9  10.0  7.79319  2.74756  2.01462  13.70240
852  0.2  0.3  0.3  10.0  7.79324  2.81237  2.16529  13.96554
853  0.6  0.8  0.3  10.0  7.79949  2.85866  3.84195  13.36924
854  0.8  0.7  0.8  10.0  7.80050  2.98477  4.01948  15.28994
855  0.7  0.5  0.9  10.0  7.80071  3.01394  3.06201  15.19294
856  0.1  0.2  0.6  10.0  7.80085  2.20970  4.17711  12.03391
857  0.6  0.6  0.9  10.0  7.80279  3.30459  3.36305  18.98461
858  0.3  0.8  0.1  10.0  7.81105  2.78027  3.00553  13.30191
859  0.2  0.6  0.7  10.0  7.81206  2.72175  3.01104  14.84313
860  0.2  0.5  0.3  10.0  7.81237  3.07724  2.52178  16.84682
861  1.0  0.9  0.4  10.0  7.81732  2.24706  3.66023  12.77619
862  0.9  0.2  0.6  10.0  7.81780  2.87236  3.80243  14.33325
863  0.8  0.8  0.3  10.0  7.81841  2.86806  1.08526  12.44638
864  0.1  0.6  1.0  10.0  7.81974  2.85421  3.23234  12.98898
865  0.6  0.7  0.2  10.0  7.82064  3.26798  3.15704  15.53612
866  0.2  0.9  0.9  10.0  7.82167  3.20073  3.01298  16.31454
867  0.4  0.5  0.2  10.0  7.82613  3.21546  2.13397  16.18746
868  0.2  0.2  0.8  10.0  7.82677  2.65008  4.02202  14.29366
869  0.1  0.6  0.2  10.0  7.82984  3.52584  3.88182  19.12576
870  0.9  0.3  0.2  10.0  7.83006  2.60464  4.03123  17.20715
871  0.5  0.8  1.0  10.0  7.83148  2.95377  2.00792  15.14253
872  0.7  0.8  0.6  10.0  7.83293  2.59116  3.99702  14.63490
873  0.7  1.0  0.3  10.0  7.83336  3.07492  2.46729  13.66956
874  0.1  0.4  1.0  10.0  7.83344  2.99589  3.09131  15.99112
875  0.5  0.4  0.9  10.0  7.83386  3.09082  2.65051  14.60637
876  0.6  0.3  0.6  10.0  7.84246  2.99689  2.99805  14.29573
877  0.3  0.1  0.4  10.0  7.84458  2.90313  3.01003  14.18618
878  0.1  0.2  0.2  10.0  7.84528  3.67208  2.36007  18.48354
879  0.8  0.2  0.8  10.0  7.84784  2.49444  2.36210  13.11115
880  0.2  0.6  0.5  10.0  7.84963  3.59331  3.14025  21.14080
881  0.9  0.6  0.3  10.0  7.85555  2.77779  3.99195  15.05415
882  0.8  0.2  0.3  10.0  7.85669  2.78165  3.42055  13.57687
883  0.4  0.1  0.6  10.0  7.85825  2.38782  3.15570  13.99282
884  0.3  0.2  1.0  10.0  7.85849  3.77070  3.94755  21.65652
885  0.2  0.5  0.6  10.0  7.85870  2.86957  3.10890  14.14858
886  0.1  0.9  0.6  10.0  7.86253  2.54674  4.20921  14.43807
887  0.7  0.9  0.8  10.0  7.86430  3.60249  3.48906  23.48168
888  0.2  0.8  0.6  10.0  7.86644  2.69089  4.03412  15.19082
889  0.7  0.5  0.1  10.0  7.86992  2.72014  2.82134  14.97531
890  1.0  0.8  0.2  10.0  7.87044  3.07337  3.17469  14.79062
891  0.7  0.1  0.7  10.0  7.87066  3.03468  3.72564  14.78625
892  0.9  0.1  0.9  10.0  7.88224  3.87436  2.00852  16.43403
893  0.9  1.0  0.5  10.0  7.88257  3.31051  3.08113  17.09661
894  0.6  0.9  1.0  10.0  7.88864  2.83774  4.02669  15.64534
895  0.6  0.6  0.1  10.0  7.89615  2.85390  4.22662  15.44835
896  0.9  0.1  0.4  10.0  7.90026  3.29441  2.04577  15.10067
897  0.1  0.4  0.3  10.0  7.90047  3.18738  2.65709  13.71455
898  0.9  0.3  0.7  10.0  7.91166  2.50458  3.76419  12.89364
899  0.7  0.3  0.3  10.0  7.91274  2.96477  3.16245  15.96460
900  0.3  0.9  0.1  10.0  7.91913  3.38390  3.26260  17.28812
901  0.9  0.3  0.1  10.0  7.92370  3.30230  2.72767  16.01995
902  0.8  0.8  0.8  10.0  7.92708  2.91429  3.00616  16.83081
903  0.3  0.9  0.2  10.0  7.92987  3.09171  3.04827  15.03833
904  0.4  0.1  1.0  10.0  7.93758  3.14490  2.09012  15.39915
905  0.5  0.2  0.4  10.0  7.93930  3.43652  3.99131  19.43394
906  1.0  0.4  0.9  10.0  7.93949  3.59653  1.37875  15.95947
907  0.7  0.9  0.7  10.0  7.94365  2.82451  3.02929  14.95148
908  0.2  0.5  0.2  10.0  7.95250  2.79082  3.02019  13.58668
909  0.3  0.1  0.7  10.0  7.96027  3.56503  3.17411  21.38736
910  0.2  0.5  0.7  10.0  7.96051  2.96372  3.00085  15.83624
911  0.5  0.1  0.7  10.0  7.96367  2.81919  3.02189  12.91937
912  1.0  1.0  0.8  10.0  7.97152  3.08100  4.02533  17.36056
913  0.8  0.4  0.9  10.0  7.97213  2.66388  2.03859  13.51765
914  0.2  0.7  0.1  10.0  7.97271  2.26529  4.98695  13.40635
915  0.7  0.3  0.2  10.0  7.97292  3.92564  2.99904  18.97792
916  0.2  0.2  0.5  10.0  7.97534  2.96430  4.04479  17.52037
917  0.4  0.5  0.4  10.0  7.97826  2.89886  3.05042  14.37045
918  1.0  0.9  0.8  10.0  7.97996  2.29191  4.13615  12.35129
919  0.2  1.0  0.9  10.0  7.98770  3.11495  3.73339  17.13589
920  0.9  0.9  0.7  10.0  7.99288  2.84460  2.00708  14.73898
921  0.2  0.7  0.8  10.0  7.99310  3.54254  2.45654  17.70769
922  0.4  1.0  0.6  10.0  7.99473  2.80683  4.04484  14.24782
923  0.7  0.6  0.3  10.0  8.00334  2.81316  3.54597  16.78800
924  0.9  0.7  0.8  10.0  8.00904  2.60277  2.99942  15.33212
925  0.4  0.2  0.7  10.0  8.01765  3.24186  2.54860  14.86913
926  0.5  0.1  0.4  10.0  8.02281  3.47570  4.26604  20.17472
927  0.5  0.4  0.8  10.0  8.02334  4.04825  2.34713  24.41251
928  1.0  0.1  1.0  10.0  8.02374  2.86930  2.99598  16.04751
929  0.3  0.5  0.9  10.0  8.02804  3.21426  1.00798  14.44756
930  0.1  0.5  1.0  10.0  8.02946  2.73280  4.22970  16.26538
931  0.6  0.3  0.1  10.0  8.03350  3.50273  2.68730  17.75942
932  0.7  0.8  0.4  10.0  8.03469  3.88803  1.70199  23.84448
933  0.5  0.3  0.9  10.0  8.04297  2.78115  3.33344  14.36238
934  0.5  0.7  0.3  10.0  8.04784  3.84479  1.66676  20.94854
935  1.0  0.5  0.4  10.0  8.05344  2.13382  5.02704  14.30414
936  0.2  0.9  0.1  10.0  8.05572  2.97205  3.02536  13.80963
937  0.6  0.4  1.0  10.0  8.05890  3.86901  2.04173  21.10756
938  0.9  0.6  0.4  10.0  8.07496  3.25379  2.00608  15.02931
939  0.4  0.4  0.8  10.0  8.07693  2.79441  4.50740  17.94089
940  1.0  0.4  0.8  10.0  8.07984  2.77030  2.93068  14.14141
941  0.7  0.2  0.7  10.0  8.08939  3.76155  3.01279  22.14170
942  0.7  0.9  1.0  10.0  8.09064  2.59236  3.99913  14.32543
943  0.5  0.6  0.8  10.0  8.09819  2.60280  3.02458  14.01034
944  0.8  1.0  1.0  10.0  8.11636  3.18300  2.04848  16.10014
945  0.2  0.4  0.4  10.0  8.11658  3.86594  3.76993  20.28528
946  0.2  0.6  0.1  10.0  8.12058  3.98850  2.00934  18.60155
947  0.3  0.5  0.5  10.0  8.12419  3.13305  3.16125  14.15395
948  0.3  0.4  0.5  10.0  8.13506  2.50003  2.01529  13.38003
949  0.9  0.8  0.5  10.0  8.13516  2.70550  4.09912  15.08306
950  0.1  0.1  0.5  10.0  8.14224  2.79831  2.99459  14.04546
951  0.5  0.8  0.7  10.0  8.14259  2.91467  2.06979  13.61409
952  1.0  0.3  0.4  10.0  8.14768  4.16647  3.72111  21.49160
953  0.9  1.0  0.1  10.0  8.15096  3.20601  4.29002  17.14640
954  0.7  0.9  0.2  10.0  8.15571  3.53968  1.00402  16.78882
955  0.1  0.8  0.8  10.0  8.17223  3.22665  3.25377  17.47302
956  0.1  0.2  0.8  10.0  8.19050  3.18441  2.40575  18.39594
957  0.8  0.8  1.0  10.0  8.20103  2.86495  4.80757  20.03331
958  1.0  0.6  0.8  10.0  8.20383  2.76315  3.01223  13.03293
959  0.1  0.4  0.1  10.0  8.20931  3.01511  1.08458  14.76510
960  0.5  1.0  0.3  10.0  8.21323  2.76060  3.99937  13.37281
961  0.8  0.8  0.9  10.0  8.21516  2.59391  3.02403  13.04143
962  0.6  0.8  0.1  10.0  8.21543  3.02211  4.40561  16.07026
963  0.5  1.0  0.5  10.0  8.24169  3.86350  3.24703  18.64744
964  0.8  0.5  0.2  10.0  8.24480  3.55220  3.31608  15.76306
965  1.0  1.0  0.2  10.0  8.25310  2.75804  4.99967  16.30580
966  1.0  0.1  0.5  10.0  8.25542  4.39973  2.32299  21.96594
967  0.9  0.1  0.5  10.0  8.26055  2.98661  3.45888  15.42655
968  1.0  1.0  0.4  10.0  8.26058  3.24095  3.12731  14.48176
969  1.0  0.9  0.1  10.0  8.26879  2.85211  3.33157  14.21087
970  0.4  0.8  0.3  10.0  8.30394  3.05671  4.02867  18.75308
971  0.7  1.0  0.2  10.0  8.31482  2.88531  3.99281  13.62782
972  0.6  0.3  0.4  10.0  8.31607  2.52043  4.02205  13.85309
973  0.4  0.8  0.9  10.0  8.32034  2.77360  3.99524  13.36583
974  1.0  0.9  0.9  10.0  8.32140  2.85631  2.05562  13.34843
975  0.6  0.4  0.4  10.0  8.32606  2.39050  4.62184  15.69808
976  0.8  0.3  0.6  10.0  8.32692  4.18820  2.01158  20.62650
977  0.6  0.9  0.8  10.0  8.33455  4.04446  2.08571  21.92939
978  0.4  0.3  0.5  10.0  8.34183  3.32406  3.45733  15.75371
979  0.7  0.4  0.7  10.0  8.34704  2.88171  4.21298  14.39029
980  0.5  0.5  0.8  10.0  8.37521  3.04583  4.00344  16.23653
981  0.6  0.5  1.0  10.0  8.39237  3.54603  2.82025  15.13777
982  0.5  0.4  0.5  10.0  8.41752  2.92952  3.12564  16.07207
983  0.7  0.8  0.3  10.0  8.43512  3.41649  2.25951  16.60643
984  0.8  0.2  0.5  10.0  8.43672  2.80577  3.58876  13.79266
985  0.1  1.0  0.2  10.0  8.47621  2.66229  3.28110  14.50820
986  0.8  0.3  0.2  10.0  8.48397  2.46162  4.78129  13.86331
987  0.8  0.6  0.9  10.0  8.50555  3.19537  2.99319  15.41866
988  0.3  0.4  0.3  10.0  8.51849  3.30667  3.80929  17.45253
989  0.1  0.8  0.6  10.0  8.52105  3.42326  3.99336  18.93120
990  0.5  0.9  1.0  10.0  8.56020  3.49084  2.40308  16.67610
991  0.5  0.7  0.1  10.0  8.57740  3.24157  3.34082  18.24357
992  1.0  0.4  0.6  10.0  8.60804  3.05638  3.32322  19.34729
993  0.4  1.0  0.2  10.0  8.60949  3.56264  3.33025  17.10063
994  0.7  0.1  0.8  10.0  8.61651  3.13914  2.19055  16.02693
995  0.8  0.3  0.1  10.0  8.63304  3.95000  3.06418  17.60168
996  0.4  0.8  0.1  10.0  8.65707  2.24802  3.27072  14.38972
997  1.0  0.2  0.6  10.0  8.68659  3.26935  3.67529  17.95404
998  0.4  0.5  1.0  10.0  8.69074  4.02725  1.05508  20.23075
999  0.1  0.7  0.6  10.0  8.85017  3.64064  3.99723  17.55372