

Dim: 10
                             mean  desvio padrão         max         min
GA                     7.21121851     4.45542618 17.90925244  1.01158626
DE_rand-1             28.02616543     3.95800566 36.20078001 17.75687909
DE_best-1             17.97306234     4.36883744 25.18542342 11.04070444
DE_best-2             44.98372348     5.66131668 58.62489753 35.60476832
DE_mean-1             16.51556497     3.04221371 22.58513870 10.60668031
DE_rand-to-best-1     25.03342536     4.09688092 35.65396123 18.31963420
DE_current-to-best-1  51.68114778     7.54277310 63.99844461 36.17416813
DE_current-to-pbest-1 27.07595806     4.12848223 34.28202484 18.15001772
DE_rand-2             49.98396981     5.89346472 59.93109239 35.53201359
sade                  17.06743424     3.30097056 22.88447328 11.21847636
shade                  0.25928791     0.22164434  1.26141795  0.05058575
320.1663966178894


Dim: 10
                             mean  desvio padrão         max         min
GA                     7.03563829     3.43146732 19.31021674  2.98496333
DE_rand-1             28.95537128     4.85468514 37.89719720 17.29220738
DE_best-1             16.42291604     4.51757049 24.93685304  6.97252980
DE_best-2             44.85942097     7.15345009 54.90269168 29.40754197
DE_mean-1             15.94419119     3.10571114 23.00382884  9.96860946
DE_rand-to-best-1     24.54143305     4.91025125 33.41608365 14.26791041
DE_current-to-best-1  52.58189384     7.31579588 70.38576845 36.37614090
DE_current-to-pbest-1 26.11581317     4.45643444 37.58377148 16.62636390
DE_rand-2             50.03589142     8.46473866 66.76814922 27.39734240
sade                  16.60745279     2.89721273 22.70527009 11.84742214
shade                  0.37043670     0.35729953  1.57984755  0.06242736
290.0645203590393


Dim: 10
                             mean  desvio padrão         max         min
GA                     8.25274722     4.42376391 21.88984054  1.98992494
DE_rand-1             27.14802462     5.06757898 36.04938720 20.81091188
DE_best-1             18.50310796     3.11571020 26.29890100 11.58325386
DE_best-2             45.62135714     7.12382202 62.10067821 31.58633742
DE_mean-1             16.42656643     3.59059990 23.73021302 10.38106929
DE_rand-to-best-1     25.44592515     4.76174486 33.10384768 16.11522496
DE_current-to-best-1  53.42374440     6.47669659 62.55917041 32.69027614
DE_current-to-pbest-1 25.33468896     4.99416815 34.08698450 13.85309919
DE_rand-2             50.15032088     6.73663797 61.46441822 34.52755135
sade                  16.42450208     3.52209449 22.09858151  7.22751073
shade                  0.41738343     0.45919331  1.79193427  0.03357978
277.8450140953064
