

Dim: 2	 Size: 20
                            mean  desvio padrão        max        min
GA                    0.06923615     0.25175285 0.99495906 0.00000000
DE_rand-1             0.03316530     0.18165384 0.99495906 0.00000000
DE_best-1             0.03316530     0.18165384 0.99495906 0.00000000
DE_best-2             0.00000000     0.00000000 0.00000000 0.00000000
DE_mean-1             0.00000000     0.00000000 0.00000000 0.00000000
DE_rand-to-best-1     0.00000000     0.00000000 0.00000000 0.00000000
DE_current-to-best-1  0.00000000     0.00000000 0.00000000 0.00000000
DE_current-to-pbest-1 0.00000000     0.00000000 0.00000000 0.00000000
DE_rand-2             0.00000000     0.00000000 0.00000000 0.00000000
sade                  0.00000000     0.00000000 0.00000000 0.00000000
shade                 0.00000000     0.00000000 0.00000000 0.00000000
394.88876390457153


Dim: 5	 Size: 20
                            mean  desvio padrão        max        min
GA                    3.47035266     1.96353743 6.96470854 0.21407792
DE_rand-1             0.00000000     0.00000000 0.00000000 0.00000000
DE_best-1             0.59697510     1.18591729 4.97479025 0.00000000
DE_best-2             1.41719925     1.18902628 4.45058447 0.00076891
DE_mean-1             0.21120498     0.67026371 3.27587464 0.00000000
DE_rand-to-best-1     0.19899181     0.48179320 1.98991811 0.00000000
DE_current-to-best-1  2.50994801     0.93943303 4.71956061 0.58268156
DE_current-to-pbest-1 0.00000000     0.00000000 0.00000002 0.00000000
DE_rand-2             2.32776683     0.84919198 4.28134991 0.68164241
sade                  0.09949591     0.30359044 0.99495906 0.00000000
shade                 0.03316530     0.18165384 0.99495906 0.00000000
369.74182176589966


Dim: 10	 Size: 20
                             mean  desvio padrão         max         min
GA                    15.26901510     6.08489017 29.65294500  5.33221103
DE_rand-1             16.34530972     3.15965152 22.97386203  9.96386445
DE_best-1              1.57766065     1.30309397  4.97479529  0.00010211
DE_best-2             31.77811936     6.19556830 39.57734138 16.18604554
DE_mean-1             14.38948992     3.40343003 19.96743668  6.72171978
DE_rand-to-best-1     13.75653864     3.98377904 25.19863038  7.04079217
DE_current-to-best-1  35.10977455     6.66620053 49.77094363 18.03671129
DE_current-to-pbest-1 14.60621827     3.96638856 23.80044084  8.97723157
DE_rand-2             35.72401982     6.75972517 49.92069314 22.52229225
sade                   0.92829115     1.35255926  5.18097198  0.00000002
shade                  0.03316530     0.18165384  0.99495906  0.00000000
359.60350728034973


Dim: 12	 Size: 20
                             mean  desvio padrão         max         min
GA                    20.03613314    10.49426489 44.53067981  5.19625549
DE_rand-1             29.97074424     4.60711220 40.31106744 17.57542038
DE_best-1              4.52798180     4.02225446 16.38509390  0.89508930
DE_best-2             52.86334667     7.72822812 66.69058390 36.04095850
DE_mean-1             23.30714702     4.75771448 32.76663411 14.39986664
DE_rand-to-best-1     25.97290375     5.70228239 35.77511953 14.08967151
DE_current-to-best-1  56.39467545     9.39172150 76.93381486 37.79123208
DE_current-to-pbest-1 26.07408488     4.78059337 33.23692030 13.64643548
DE_rand-2             61.08002679     7.73428791 79.34072563 47.78796358
sade                   7.06674460     4.05860114 17.71401748  0.03148143
shade                  0.09949591     0.30359044  0.99495906  0.00000000
391.3819284439087


Dim: 2	 Size: 10
                            mean  desvio padrão        max        min
GA                    0.06168074     0.11888459 0.41759345 0.00000000
DE_rand-1             0.03316530     0.18165384 0.99495906 0.00000000
DE_best-1             0.16582651     0.37713826 0.99495906 0.00000000
DE_best-2             0.00000000     0.00000000 0.00000000 0.00000000
DE_mean-1             0.06634831     0.25242440 0.99495906 0.00000000
DE_rand-to-best-1     0.06633060     0.25242920 0.99495906 0.00000000
DE_current-to-best-1  0.00000000     0.00000000 0.00000000 0.00000000
DE_current-to-pbest-1 0.00000000     0.00000000 0.00000000 0.00000000
DE_rand-2             0.00000000     0.00000000 0.00000000 0.00000000
sade                  0.03316530     0.18165384 0.99495906 0.00000000
shade                 0.06633060     0.25242920 0.99495906 0.00000000
419.7676753997803


Dim: 5	 Size: 10
                            mean  desvio padrão         max        min
GA                    7.33748591     3.60994850 15.51858867 2.43765094
DE_rand-1             0.09949591     0.30359044  0.99495906 0.00000000
DE_best-1             1.62509912     1.57822198  4.97479025 0.00000000
DE_best-2             0.00000130     0.00000624  0.00003396 0.00000000
DE_mean-1             0.31126102     0.57153666  2.15255655 0.00000000
DE_rand-to-best-1     0.96179342     1.66248947  8.95462144 0.00000000
DE_current-to-best-1  0.02073806     0.07432652  0.38471823 0.00000000
DE_current-to-pbest-1 0.13266121     0.34400302  0.99495906 0.00000000
DE_rand-2             0.06092854     0.19753609  0.99495906 0.00000000
sade                  0.53064483     0.67801026  1.98991811 0.00000000
shade                 0.69647100     1.33615468  4.97479025 0.00000000
397.90940833091736


Dim: 10	 Size: 10
                             mean  desvio padrão         max         min
GA                    32.76470014    10.61528173 56.54659149 19.02880514
DE_rand-1              4.94184493     3.40822170 14.41252908  0.00657928
DE_best-1              5.27327998     3.29627917 11.93950365  0.99495906
DE_best-2             25.10629069     4.41389666 32.31958265 15.38759746
DE_mean-1              9.28833594     3.85782120 15.78672875  0.99495907
DE_rand-to-best-1      3.40398159     2.77189093  9.94956030  0.00000000
DE_current-to-best-1  21.44487711     4.38903125 31.48698755 12.78866620
DE_current-to-pbest-1  3.49073734     2.98751959 11.26654973  0.00000000
DE_rand-2             28.52099102     5.51170635 43.00584261 14.34389306
sade                   2.62005751     1.99818748 10.94451936  0.00000000
shade                  1.72459402     2.39379853  9.94956030  0.00000000
355.39646077156067


Dim: 12	 Size: 10
                             mean  desvio padrão         max         min
GA                    46.50375228    18.17197583 86.43618426 19.95261545
DE_rand-1             16.68045793     6.30169491 29.00169063  1.28560506
DE_best-1              7.66117936     4.04069125 15.91933484  1.98991811
DE_best-2             41.59867826     7.27171890 61.07559711 27.39615932
DE_mean-1             16.77805818     5.28065150 26.85952990  3.68270460
DE_rand-to-best-1      8.56505932     6.44975793 28.37593854  1.98991811
DE_current-to-best-1  38.67593984     7.01881995 54.96024871 26.16157938
DE_current-to-pbest-1  8.15779758     5.33147777 17.80400526  0.13544164
DE_rand-2             45.96484490     7.25520010 57.20645080 29.89068678
sade                   4.97479007     4.03095629 19.89908002  0.00000000
shade                  2.71955240     3.59149104 15.91930960  0.00000000
387.50188970565796
