

Dim: 2	 Size: 20
                            mean  desvio padrão        max        min
GA                    0.10334259     0.31320070 1.08519447 0.00000000
DE_rand-1             0.00000000     0.00000000 0.00000000 0.00000000
DE_best-1             0.13266121     0.34400302 0.99495906 0.00000000
DE_best-2             0.00000000     0.00000000 0.00000000 0.00000000
DE_mean-1             0.00000000     0.00000000 0.00000000 0.00000000
DE_rand-to-best-1     0.00000000     0.00000000 0.00000000 0.00000000
DE_current-to-best-1  0.00000000     0.00000000 0.00000000 0.00000000
DE_current-to-pbest-1 0.00000000     0.00000000 0.00000000 0.00000000
DE_rand-2             0.00000000     0.00000000 0.00000000 0.00000000
sade                  0.00000000     0.00000000 0.00000000 0.00000000
shade                 0.00000000     0.00000000 0.00000000 0.00000000
404.80866408348083


Dim: 5	 Size: 20
                            mean  desvio padrão        max        min
GA                    3.59186242     2.47421870 9.96315203 0.15016270
DE_rand-1             0.00000000     0.00000000 0.00000000 0.00000000
DE_best-1             0.43114892     0.56545590 1.98991811 0.00000000
DE_best-2             0.92732877     0.86652814 2.86584630 0.00364301
DE_mean-1             0.11931765     0.32891955 1.24451855 0.00000000
DE_rand-to-best-1     0.19899181     0.40478725 0.99495906 0.00000000
DE_current-to-best-1  2.49738321     1.02968896 4.68975706 0.36063895
DE_current-to-pbest-1 0.03316542     0.18165382 0.99495906 0.00000000
DE_rand-2             2.32360657     0.87485665 4.55502128 0.34143683
sade                  0.06633060     0.25242920 0.99495906 0.00000000
shade                 0.03316530     0.18165384 0.99495906 0.00000000
368.323602437973


Dim: 10	 Size: 20
                             mean  desvio padrão         max         min
GA                    15.89330115    10.13247061 41.43189854  3.58503499
DE_rand-1             16.02240144     2.98095504 21.75682290  8.34683307
DE_best-1              1.68626237     1.23465623  3.97984190  0.00000157
DE_best-2             33.59280829     5.43023904 42.32750907 22.26186309
DE_mean-1             13.00223340     3.60470964 21.67803070  6.22871158
DE_rand-to-best-1     13.41535069     4.47564862 22.58919967  2.62786992
DE_current-to-best-1  35.88294135     4.55386775 45.15974144 27.25633169
DE_current-to-pbest-1 15.97982773     3.98143371 25.49182094  9.71579080
DE_rand-2             37.22112159     6.43355044 50.50398042 23.92934204
sade                   1.38483200     1.92506082  6.32096926  0.00000000
shade                  0.06633060     0.25242920  0.99495906  0.00000000
364.0995624065399


Dim: 12	 Size: 20
                             mean  desvio padrão         max         min
GA                    21.96197502    10.09643315 52.89763099  7.55670235
DE_rand-1             31.22301121     5.08856018 39.65923752 19.84846741
DE_best-1              4.80869886     3.65337844 15.63417469  0.99641234
DE_best-2             52.42934711     9.70390288 70.79645640 31.43810238
DE_mean-1             22.28253079     3.66650031 30.26746232 13.09240398
DE_rand-to-best-1     25.51100929     5.16671903 34.15729289 13.02318378
DE_current-to-best-1  58.07588064     8.23412310 74.79810999 39.93495458
DE_current-to-pbest-1 26.29181623     5.61579277 37.77512500 18.32353458
DE_rand-2             59.02340039     8.47243295 78.10114188 34.83502352
sade                   7.82492010     4.44259670 15.17748889  0.00032090
shade                  0.00000000     0.00000000  0.00000000  0.00000000
388.93980622291565


Dim: 2	 Size: 10
                            mean  desvio padrão        max        min
GA                    0.07962758     0.17482065 0.85282043 0.00000000
DE_rand-1             0.03316530     0.18165384 0.99495906 0.00000000
DE_best-1             0.29848755     0.79037157 3.97983119 0.00000000
DE_best-2             0.00000000     0.00000000 0.00000000 0.00000000
DE_mean-1             0.00000000     0.00000000 0.00000000 0.00000000
DE_rand-to-best-1     0.16582651     0.37713826 0.99495906 0.00000000
DE_current-to-best-1  0.00000000     0.00000000 0.00000000 0.00000000
DE_current-to-pbest-1 0.03316530     0.18165384 0.99495906 0.00000000
DE_rand-2             0.00000000     0.00000000 0.00000000 0.00000000
sade                  0.06633060     0.25242920 0.99495906 0.00000000
shade                 0.09949591     0.30359044 0.99495906 0.00000000
413.77055859565735


Dim: 5	 Size: 10
                            mean  desvio padrão         max        min
GA                    7.64051560     4.12558169 19.33774159 2.19270885
DE_rand-1             0.26532225     0.78095771  3.97983119 0.00000000
DE_best-1             1.89042103     1.77887320  8.95460124 0.00000000
DE_best-2             0.06633062     0.36330768  1.98991811 0.00000000
DE_mean-1             0.44852277     0.68568307  2.66524310 0.00000000
DE_rand-to-best-1     0.76280178     1.12940108  3.97983119 0.00000000
DE_current-to-best-1  0.02483726     0.10952560  0.59332366 0.00000000
DE_current-to-pbest-1 0.23215711     0.42801454  0.99495906 0.00000000
DE_rand-2             0.26794861     0.49658876  1.64430444 0.00000000
sade                  0.66330604     0.65756302  1.98991811 0.00000000
shade                 0.79596674     1.31685394  4.97479025 0.00000000
401.80774545669556


Dim: 10	 Size: 10
                             mean  desvio padrão         max         min
GA                    33.60255443    10.86661599 57.38749041 16.01137414
DE_rand-1              5.51909681     3.51383734 12.11319567  0.00007718
DE_best-1              7.42902242     3.05532722 12.93445767  2.98487717
DE_best-2             24.19490269     4.35229577 36.18722724 17.15928852
DE_mean-1             10.70059345     3.98858769 19.62448391  1.17957847
DE_rand-to-best-1      3.19014362     2.27932144 10.94451936  0.00011714
DE_current-to-best-1  20.65997818     5.85262233 33.72793760 13.47207748
DE_current-to-pbest-1  4.78972838     3.45073083 12.23779700  0.08635445
DE_rand-2             30.21697020     4.99892853 39.57127791 18.11887780
sade                   3.68134363     3.82365145 19.89908002  0.00000000
shade                  2.38789871     3.23829030 14.92435055  0.00000000
355.08170890808105


Dim: 12	 Size: 10
                             mean  desvio padrão          max         min
GA                    50.85644763    17.33293912 101.55672385 25.67943698
DE_rand-1             16.95535568     5.68053427  31.04483490  4.94514081
DE_best-1              8.88114578     5.63690740  29.63429926  1.98991811
DE_best-2             43.60597917     8.07279800  58.16605538 20.04914715
DE_mean-1             17.94174514     5.14241205  28.49779703  4.97656698
DE_rand-to-best-1      8.05394540     5.29615865  20.12462592  0.99495906
DE_current-to-best-1  34.63192507     6.84262396  47.97397686 20.10135486
DE_current-to-pbest-1  8.28492556     3.91081222  15.37322859  0.99500997
DE_rand-2             47.74584325     8.14769015  61.85534234 27.88693426
sade                   4.41098364     2.92927196  10.94453955  0.99495906
shade                  2.15574345     3.31624146  16.91428886  0.00000000
390.7264063358307
