

Dim: 2	 Size: 100
                            mean  desvio padrão        max        min
GA                    0.00000000     0.00000000 0.00000000 0.00000000
DE_rand-1             0.00000000     0.00000000 0.00000000 0.00000000
DE_best-1             0.00000000     0.00000000 0.00000000 0.00000000
DE_best-2             0.00000107     0.00000171 0.00000781 0.00000002
DE_mean-1             0.00000000     0.00000000 0.00000000 0.00000000
DE_rand-to-best-1     0.00000000     0.00000000 0.00000000 0.00000000
DE_current-to-best-1  0.00652218     0.00571835 0.01832733 0.00004920
DE_current-to-pbest-1 0.00000000     0.00000000 0.00000000 0.00000000
DE_rand-2             0.00162829     0.00225975 0.01072266 0.00000045
sade                  0.00000000     0.00000000 0.00000000 0.00000000
shade                 0.00000000     0.00000000 0.00000000 0.00000000
313.2870261669159


Dim: 5	 Size: 100
                            mean  desvio padrão         max        min
GA                    1.11876132     1.31933567  6.96470882 0.00000217
DE_rand-1             3.77631405     1.09354062  5.93550086 1.36084093
DE_best-1             0.29039005     0.53952203  2.04477414 0.00667214
DE_best-2             7.27142832     1.63550875 11.19143938 4.24150102
DE_mean-1             0.91004848     0.79402022  3.17462378 0.01452392
DE_rand-to-best-1     2.68760234     0.97497864  4.51285670 0.29055450
DE_current-to-best-1  8.25169849     2.57669483 13.66464711 2.92304178
DE_current-to-pbest-1 3.26176819     1.19965179  5.75637218 1.03277043
DE_rand-2             8.01812572     1.93343071 12.15384263 3.93969814
sade                  0.78293205     0.59311169  1.97949657 0.06539537
shade                 0.02481714     0.02816103  0.11850103 0.00253787
324.5527272224426


Dim: 10	 Size: 100
                             mean  desvio padrão         max         min
GA                    11.81092818     5.10400896 24.60263390  1.93988871
DE_rand-1             38.90500104     6.12435209 51.01852064 27.29946103
DE_best-1             27.69865835     4.62977483 35.34467748 18.13190361
DE_best-2             57.55383853     7.36222063 70.46642800 41.01473829
DE_mean-1             20.44703470     3.99426644 28.90254179 13.33009539
DE_rand-to-best-1     32.48810354     5.69784516 49.41777320 23.16017695
DE_current-to-best-1  64.89342846     7.87732882 76.46765151 39.87584601
DE_current-to-pbest-1 33.18584548     5.05485191 44.07897750 23.12192332
DE_rand-2             62.62677986     7.99842424 81.54665221 40.06584019
sade                  25.27217853     4.66076632 32.20682616 13.17628586
shade                  9.96856507     1.62134054 12.97945172  6.15621399
323.02859902381897


Dim: 12	 Size: 100
                             mean  desvio padrão          max         min
GA                    26.01389871    10.16359887  51.30674373  5.34835007
DE_rand-1             60.99678325     5.82646815  71.70929111 50.33716047
DE_best-1             44.55585629     6.59375917  56.71248119 32.45108221
DE_best-2             86.46588947    10.42794147 109.16478526 67.48089674
DE_mean-1             32.97325553     5.09199041  42.65873051 22.61804532
DE_rand-to-best-1     51.93069474     7.17907600  65.79467611 34.64326749
DE_current-to-best-1  95.13835351     8.99501246 112.32164335 79.14707221
DE_current-to-pbest-1 49.34341943     6.66680091  62.41684346 35.68793744
DE_rand-2             94.57129826    10.41314982 113.97494811 70.44440676
sade                  43.61343214     7.05028549  59.59724961 32.43028018
shade                 17.28550165     3.29597487  23.67039843  7.49134650
407.2207922935486


Dim: 2	 Size: 25
                            mean  desvio padrão        max        min
GA                    0.03381936     0.18156533 0.99495906 0.00000000
DE_rand-1             0.00000000     0.00000000 0.00000000 0.00000000
DE_best-1             0.00000000     0.00000000 0.00000000 0.00000000
DE_best-2             0.00000000     0.00000000 0.00000000 0.00000000
DE_mean-1             0.00000000     0.00000000 0.00000000 0.00000000
DE_rand-to-best-1     0.00000000     0.00000000 0.00000000 0.00000000
DE_current-to-best-1  0.00000000     0.00000000 0.00000000 0.00000000
DE_current-to-pbest-1 0.00000000     0.00000000 0.00000000 0.00000000
DE_rand-2             0.00000000     0.00000000 0.00000000 0.00000000
sade                  0.00000000     0.00000000 0.00000000 0.00000000
shade                 0.00000000     0.00000000 0.00000000 0.00000000
323.6648049354553


Dim: 5	 Size: 25
                            mean  desvio padrão        max        min
GA                    3.53002079     2.12589982 8.06992850 0.00000000
DE_rand-1             0.00000001     0.00000003 0.00000009 0.00000000
DE_best-1             0.09949591     0.30359044 0.99495906 0.00000000
DE_best-2             2.25941093     0.92456295 3.97488481 0.76091709
DE_mean-1             0.13490949     0.46494701 2.35866514 0.00000000
DE_rand-to-best-1     0.06633060     0.25242920 0.99495906 0.00000000
DE_current-to-best-1  3.07569323     1.27081037 5.77107549 0.88492231
DE_current-to-pbest-1 0.03120539     0.08392130 0.31079746 0.00000000
DE_rand-2             3.00657379     0.95657071 5.09330249 1.31235452
sade                  0.09949591     0.30359044 0.99495906 0.00000000
shade                 0.00000000     0.00000000 0.00000000 0.00000000
299.19557929039


Dim: 10	 Size: 25
                             mean  desvio padrão         max         min
GA                    11.60356476     5.72745265 31.12431230  4.10315219
DE_rand-1             19.42153543     3.86152814 27.63760453  9.31241512
DE_best-1              3.14587713     2.95656576 10.90625417  0.00000119
DE_best-2             36.10703106     5.73342687 47.20683441 26.30968498
DE_mean-1             13.50451033     3.08805311 20.17434460  7.44386809
DE_rand-to-best-1     16.51491437     3.92111669 23.71332407  8.80237447
DE_current-to-best-1  38.86678356     7.34745845 50.56514681 25.42236115
DE_current-to-pbest-1 18.78874622     4.11360386 26.55775304 11.71777315
DE_rand-2             40.19772147     5.62634852 47.77336212 24.66567559
sade                   3.84034415     3.31052729 12.88060967  0.00072018
shade                  0.00000000     0.00000000  0.00000002  0.00000000
306.8246626853943


Dim: 12	 Size: 25
                             mean  desvio padrão         max         min
GA                    16.69680643     7.84900567 34.95977389  5.28722568
DE_rand-1             35.04969111     5.27619461 48.71700488 27.81135504
DE_best-1             12.56491692     5.53674261 23.72781828  0.01989690
DE_best-2             57.00479037     9.08673492 80.24091637 34.96291259
DE_mean-1             23.38638459     5.11103503 37.70983706 13.67307718
DE_rand-to-best-1     28.62160370     4.33535804 36.84493352 21.67185126
DE_current-to-best-1  65.24045529     8.05351574 79.30775544 50.49030883
DE_current-to-pbest-1 29.35635489     5.34265900 39.93731895 17.48704098
DE_rand-2             66.08114682    10.17362057 86.26028440 42.37053841
sade                  14.59435371     4.10620401 20.46096914  5.40945568
shade                  0.06633094     0.25242914  0.99495927  0.00000000
298.4094395637512


Dim: 2	 Size: 20
                            mean  desvio padrão        max        min
GA                    0.00583720     0.02883006 0.15801096 0.00000000
DE_rand-1             0.00000000     0.00000000 0.00000000 0.00000000
DE_best-1             0.06633060     0.25242920 0.99495906 0.00000000
DE_best-2             0.00000000     0.00000000 0.00000000 0.00000000
DE_mean-1             0.00000000     0.00000000 0.00000000 0.00000000
DE_rand-to-best-1     0.00000000     0.00000000 0.00000000 0.00000000
DE_current-to-best-1  0.00000000     0.00000000 0.00000000 0.00000000
DE_current-to-pbest-1 0.00000000     0.00000000 0.00000000 0.00000000
DE_rand-2             0.00000000     0.00000000 0.00000000 0.00000000
sade                  0.00000000     0.00000000 0.00000000 0.00000000
shade                 0.00000000     0.00000000 0.00000000 0.00000000
298.7150864601135


Dim: 5	 Size: 20
                            mean  desvio padrão        max        min
GA                    4.31120708     2.14004369 9.23293741 0.08773020
DE_rand-1             0.00000000     0.00000000 0.00000000 0.00000000
DE_best-1             0.63014057     0.84600037 3.97983119 0.00000000
DE_best-2             0.76406432     0.80435547 2.65562511 0.00000284
DE_mean-1             0.25132634     0.55197612 1.81809105 0.00000000
DE_rand-to-best-1     0.13266121     0.34400302 0.99495906 0.00000000
DE_current-to-best-1  2.54361798     0.73264654 3.72326375 1.20352010
DE_current-to-pbest-1 0.03317400     0.18165220 0.99495906 0.00000000
DE_rand-2             2.62678435     0.91163819 4.54458746 1.04143967
sade                  0.13266121     0.43198385 1.98991811 0.00000000
shade                 0.03316530     0.18165384 0.99495906 0.00000000
293.94494891166687


Dim: 10	 Size: 20
                             mean  desvio padrão         max         min
GA                    17.49608568     8.51635386 35.96123781  4.37540662
DE_rand-1             16.90875999     3.43806640 25.51433655 11.62817282
DE_best-1              2.00195743     1.20914379  4.97479533  0.00000013
DE_best-2             34.32475730     4.41987821 42.29183308 22.06352032
DE_mean-1             12.99974424     2.66045976 19.65908182  7.33997441
DE_rand-to-best-1     13.44842837     3.42616466 19.47360343  6.60927850
DE_current-to-best-1  34.80249224     6.48346158 48.77858710 21.67013282
DE_current-to-pbest-1 13.72310217     4.07364018 25.29390026  6.84935286
DE_rand-2             38.03583157     6.78377356 51.70483000 23.36078940
sade                   1.14269626     1.66896880  6.81866290  0.00000002
shade                  0.09949591     0.30359044  0.99495906  0.00000000
297.0254211425781


Dim: 12	 Size: 20
                             mean  desvio padrão         max         min
GA                    19.40944193    11.31211443 61.50830517  8.98032035
DE_rand-1             32.17485191     5.42585726 44.20922460 22.01263831
DE_best-1              5.32860054     3.84341471 14.10311757  0.00865845
DE_best-2             56.47473405     7.30981917 74.15718317 42.44346086
DE_mean-1             21.96907931     3.60900855 29.73808246 14.56436653
DE_rand-to-best-1     23.84131623     5.54029740 37.10007674 14.64324547
DE_current-to-best-1  56.99018092     9.03136738 77.35842348 44.14705485
DE_current-to-pbest-1 24.79779412     6.27799395 36.29682019 10.07528274
DE_rand-2             60.27178804     7.39992532 71.15977964 40.82902564
sade                   8.23334531     3.51098327 16.97958061  0.16977804
shade                  0.06633060     0.25242920  0.99495906  0.00000000
292.93032789230347


Dim: 2	 Size: 10
                            mean  desvio padrão        max        min
GA                    0.05174771     0.09449893 0.40056160 0.00000000
DE_rand-1             0.00000000     0.00000000 0.00000000 0.00000000
DE_best-1             0.56380912     1.64597743 8.95460124 0.00000000
DE_best-2             0.00000000     0.00000000 0.00000000 0.00000000
DE_mean-1             0.00000000     0.00000000 0.00000000 0.00000000
DE_rand-to-best-1     0.06633060     0.25242920 0.99495906 0.00000000
DE_current-to-best-1  0.00000000     0.00000000 0.00000000 0.00000000
DE_current-to-pbest-1 0.00000000     0.00000000 0.00000000 0.00000000
DE_rand-2             0.00000000     0.00000000 0.00000000 0.00000000
sade                  0.19899164     0.75728674 3.97983119 0.00000000
shade                 0.03316530     0.18165384 0.99495906 0.00000000
302.5369472503662


Dim: 5	 Size: 10
                            mean  desvio padrão         max        min
GA                    6.57206520     3.38641815 15.96112993 1.19179787
DE_rand-1             0.09949591     0.30359044  0.99495906 0.00000000
DE_best-1             1.09445479     1.26259603  5.96974930 0.00000000
DE_best-2             0.03316641     0.18165363  0.99495906 0.00000000
DE_mean-1             0.39110747     0.95725126  4.98147700 0.00000000
DE_rand-to-best-1     0.63014074     0.71477401  1.98991811 0.00000000
DE_current-to-best-1  0.07704639     0.22038671  1.12384638 0.00000000
DE_current-to-pbest-1 0.19899181     0.40478725  0.99495906 0.00000000
DE_rand-2             0.18889518     0.35654129  1.44739681 0.00000000
sade                  0.99495788     2.18609596 10.94451936 0.00000000
shade                 0.53064466     0.85602838  3.97983119 0.00000000
311.429390668869


Dim: 10	 Size: 10
                             mean  desvio padrão         max         min
GA                    27.33509732    11.12113276 60.30959401 10.27553176
DE_rand-1              4.64667418     3.62602133 13.37904259  0.00012875
DE_best-1              5.87025508     3.18247156 15.91932980  1.98991811
DE_best-2             25.03398186     5.12846593 36.60198692 18.63191821
DE_mean-1              9.76971205     4.45842399 17.06579757  1.14368917
DE_rand-to-best-1      3.82710635     3.08525831 12.01927145  0.00000000
DE_current-to-best-1  19.25831758     4.79656761 32.95597767 11.61534560
DE_current-to-pbest-1  3.02833391     2.43833859  9.24756290  0.04693062
DE_rand-2             30.77334802     4.51496197 43.71149082 23.45149986
sade                   2.91854590     1.91888766  6.96470836  0.00000000
shade                  1.42610748     1.72694617  5.96974930  0.00000000
304.775279045105


Dim: 12	 Size: 10
                             mean  desvio padrão         max         min
GA                    43.17051056    14.74292808 78.49414383 15.73933591
DE_rand-1             15.00198392     4.28298756 24.13520774  3.70309288
DE_best-1              7.13053554     3.11452665 14.92435558  2.98487717
DE_best-2             39.56255709     7.20978925 54.50809341 21.28371071
DE_mean-1             16.25310040     7.19702858 29.37467689  1.99064400
DE_rand-to-best-1      6.43118408     3.74419384 16.31350998  0.00000008
DE_current-to-best-1  35.42119962     6.92499154 49.15932403 20.45860861
DE_current-to-pbest-1  8.08283465     3.81680884 15.19308632  1.98991859
DE_rand-2             48.51505302     6.06703996 60.11784422 32.12386631
sade                   4.20524860     2.65360371  9.94958553  0.00000000
shade                  2.58703113     2.43143546 11.93949357  0.00000000
313.5341193675995
