

Dim: 2	 Size: 100
                            mean  desvio padrão        max        min
GA                    0.00000000     0.00000000 0.00000000 0.00000000
DE_rand-1             0.00000000     0.00000000 0.00000000 0.00000000
DE_best-1             0.00000000     0.00000000 0.00000000 0.00000000
DE_best-2             0.00000130     0.00000196 0.00000765 0.00000001
DE_mean-1             0.00000000     0.00000000 0.00000000 0.00000000
DE_rand-to-best-1     0.00000000     0.00000000 0.00000000 0.00000000
DE_current-to-best-1  0.00822864     0.01049901 0.04005451 0.00010517
DE_current-to-pbest-1 0.00000000     0.00000000 0.00000000 0.00000000
DE_rand-2             0.00222712     0.00509840 0.02615790 0.00000624
sade                  0.00000000     0.00000000 0.00000000 0.00000000
shade                 0.00000000     0.00000000 0.00000000 0.00000000
311.2235929965973


Dim: 5	 Size: 100
                            mean  desvio padrão         max        min
GA                    0.96804117     0.94096188  2.98515382 0.00012775
DE_rand-1             3.64119841     1.14237273  6.22500956 1.43671976
DE_best-1             0.47997410     0.62837506  2.24024549 0.00186962
DE_best-2             6.59181884     1.78367493 11.16880010 1.87141895
DE_mean-1             0.76959391     0.63959624  2.36750410 0.01822788
DE_rand-to-best-1     3.33035477     1.08043957  5.40763582 1.14426118
DE_current-to-best-1  7.83515076     1.65259469 11.73838155 4.91730815
DE_current-to-pbest-1 3.42766120     1.17547982  5.57244026 0.43502051
DE_rand-2             8.06071678     2.04204187 11.72563180 3.79305417
sade                  0.71274467     0.53173156  1.94927834 0.02585743
shade                 0.02330235     0.02439163  0.09314573 0.00146433
326.80520367622375


Dim: 10	 Size: 100
                             mean  desvio padrão         max         min
GA                    12.07275733     5.32507206 22.25355384  2.53099294
DE_rand-1             38.20610868     5.75701410 48.26739776 27.42632711
DE_best-1             27.64019837     4.59414262 38.43630425 18.64767625
DE_best-2             54.84544800     7.29499975 67.10399050 40.05964998
DE_mean-1             20.29582138     3.36967011 25.79293876 11.48868875
DE_rand-to-best-1     31.59142894     4.41486207 38.60007195 21.10099820
DE_current-to-best-1  60.97752054     9.73528319 78.58074629 40.90634839
DE_current-to-pbest-1 34.04005438     5.36004461 42.20948963 22.76843384
DE_rand-2             62.15808784     8.23236784 77.02262990 46.23597275
sade                  26.89221432     3.84796263 34.14963634 17.39240857
shade                 10.58230122     2.22244538 15.56244296  6.98520040
324.52192902565


Dim: 12	 Size: 100
                             mean  desvio padrão          max         min
GA                    25.45998461     9.18751215  44.41768026  8.70053123
DE_rand-1             60.58520708     7.50009634  72.88650977 44.06202482
DE_best-1             46.12416712     7.81607644  59.34626572 29.30397823
DE_best-2             81.79642844     8.80866444  93.43356406 58.62994282
DE_mean-1             33.64966614     4.56050972  43.35494093 25.26549965
DE_rand-to-best-1     51.60340346     5.59046563  63.59483711 33.38333348
DE_current-to-best-1  95.79347155     8.93421008 106.38789725 70.30341351
DE_current-to-pbest-1 51.68109067     8.38948951  71.90998851 35.61869031
DE_rand-2             91.01283779    11.13916115 109.36063826 70.46247851
sade                  43.61273540     5.45158879  53.41530764 29.21410516
shade                 18.54927838     3.21406578  23.74546884 12.45927946
408.00288128852844


Dim: 2	 Size: 25
                            mean  desvio padrão        max        min
GA                    0.03683869     0.18146488 0.99495906 0.00000000
DE_rand-1             0.00000000     0.00000000 0.00000000 0.00000000
DE_best-1             0.06633060     0.25242920 0.99495906 0.00000000
DE_best-2             0.00000000     0.00000000 0.00000000 0.00000000
DE_mean-1             0.00000000     0.00000000 0.00000000 0.00000000
DE_rand-to-best-1     0.00000000     0.00000000 0.00000000 0.00000000
DE_current-to-best-1  0.00000000     0.00000000 0.00000000 0.00000000
DE_current-to-pbest-1 0.00000000     0.00000000 0.00000000 0.00000000
DE_rand-2             0.00000000     0.00000000 0.00000000 0.00000000
sade                  0.00000000     0.00000000 0.00000000 0.00000000
shade                 0.00000000     0.00000000 0.00000000 0.00000000
319.5704815387726


Dim: 5	 Size: 25
                            mean  desvio padrão        max        min
GA                    3.25246451     1.75605935 6.58677712 0.00000000
DE_rand-1             0.00000004     0.00000009 0.00000034 0.00000000
DE_best-1             0.19899181     0.40478725 0.99495906 0.00000000
DE_best-2             1.75543835     1.00744316 4.30504800 0.04104457
DE_mean-1             0.00516643     0.02476939 0.13487160 0.00000000
DE_rand-to-best-1     0.13266121     0.34400302 0.99495906 0.00000000
DE_current-to-best-1  3.25160058     1.26481472 6.58321853 0.40237864
DE_current-to-pbest-1 0.03718248     0.18137901 0.99495906 0.00000000
DE_rand-2             3.35520910     1.04621648 5.24122537 1.04742887
sade                  0.03316530     0.18165384 0.99495906 0.00000000
shade                 0.00000000     0.00000000 0.00000000 0.00000000
299.49691891670227


Dim: 10	 Size: 25
                             mean  desvio padrão         max         min
GA                    13.77757041     6.99119225 32.01430574  4.06240404
DE_rand-1             18.56540050     3.04935757 24.95677924 13.91820714
DE_best-1              3.06501680     2.32635615  7.65828184  0.04459438
DE_best-2             34.99623542     8.34593250 51.18073086 15.68245027
DE_mean-1             14.46164018     3.55981650 22.16091362  6.30877470
DE_rand-to-best-1     17.42294773     4.08325626 28.26972249 10.12526681
DE_current-to-best-1  40.01262382     7.89081749 54.95477779 21.65596739
DE_current-to-pbest-1 16.77664241     4.15770742 29.93625713 11.40859060
DE_rand-2             39.26411425     6.31564353 52.04780910 23.40698190
sade                   4.91872593     2.65961445  9.85016028  0.00003096
shade                  0.00000000     0.00000000  0.00000002  0.00000000
307.8661298751831


Dim: 12	 Size: 25
                             mean  desvio padrão         max         min
GA                    18.03737670    10.93451532 56.85808126  5.58358273
DE_rand-1             35.75262845     7.23979998 48.46625395 16.65129464
DE_best-1             12.64123483     4.55055201 21.69672117  4.17011171
DE_best-2             60.75664167     5.23324405 73.36062039 46.75865625
DE_mean-1             24.07847875     4.47286143 32.67078593 14.63868671
DE_rand-to-best-1     29.83935058     6.17355775 44.83093667 19.04305354
DE_current-to-best-1  64.99509692     7.12178440 79.90200778 51.38521365
DE_current-to-pbest-1 29.55596198     6.52871374 47.56911454 19.12525265
DE_rand-2             66.30008815     6.20434173 77.20887605 53.06496545
sade                  13.87483024     3.77372662 20.34627492  6.12853782
shade                  0.00000218     0.00001044  0.00005735  0.00000000
297.9203097820282


Dim: 2	 Size: 20
                            mean  desvio padrão        max        min
GA                    0.07271161     0.25154409 0.99618295 0.00000000
DE_rand-1             0.00000000     0.00000000 0.00000000 0.00000000
DE_best-1             0.09949591     0.30359044 0.99495906 0.00000000
DE_best-2             0.00000000     0.00000000 0.00000000 0.00000000
DE_mean-1             0.03316530     0.18165384 0.99495906 0.00000000
DE_rand-to-best-1     0.06633060     0.25242920 0.99495906 0.00000000
DE_current-to-best-1  0.00000000     0.00000000 0.00000000 0.00000000
DE_current-to-pbest-1 0.00000000     0.00000000 0.00000000 0.00000000
DE_rand-2             0.00000000     0.00000000 0.00000000 0.00000000
sade                  0.00000000     0.00000000 0.00000000 0.00000000
shade                 0.00000000     0.00000000 0.00000000 0.00000000
300.2410886287689


Dim: 5	 Size: 20
                            mean  desvio padrão         max        min
GA                    4.27135086     2.63957583 10.94583031 0.02585997
DE_rand-1             0.00000000     0.00000000  0.00000000 0.00000000
DE_best-1             0.49747953     0.62654913  1.98991811 0.00000000
DE_best-2             1.10153817     1.02212975  2.89551723 0.00004673
DE_mean-1             0.06359884     0.29688454  1.62100596 0.00000000
DE_rand-to-best-1     0.16582651     0.37713826  0.99495906 0.00000000
DE_current-to-best-1  2.45913499     0.75351516  4.13677737 0.94119447
DE_current-to-pbest-1 0.00407308     0.02230788  0.12218554 0.00000000
DE_rand-2             2.56168262     0.95579555  4.53314125 1.01167635
sade                  0.03316530     0.18165384  0.99495906 0.00000000
shade                 0.06633060     0.25242920  0.99495906 0.00000000
293.432505607605


Dim: 10	 Size: 20
                             mean  desvio padrão         max         min
GA                    17.12257988     6.80509927 30.01003719  4.63067804
DE_rand-1             18.26562551     3.88297463 23.76668552  9.84299640
DE_best-1              1.57522460     1.35337022  5.28502586  0.00000000
DE_best-2             32.98657560     5.23839978 46.60092892 23.49703939
DE_mean-1             13.92469620     4.77116587 23.83071539  3.42074243
DE_rand-to-best-1     13.64660547     3.85054435 22.88148038  6.08894633
DE_current-to-best-1  35.85905917     6.54521961 47.20774651 20.71980635
DE_current-to-pbest-1 13.40255738     3.82548334 21.66089844  5.43308409
DE_rand-2             37.84500786     6.22140888 49.32048962 24.29555326
sade                   1.23714138     1.56680454  5.20094306  0.00000015
shade                  0.03316530     0.18165384  0.99495906  0.00000000
297.2164168357849


Dim: 12	 Size: 20
                             mean  desvio padrão         max         min
GA                    25.68029279    13.71499317 75.50346081  8.96971378
DE_rand-1             30.69314141     5.05373534 39.53908191 20.26995436
DE_best-1              4.56076447     3.33397857 12.69179527  0.99710658
DE_best-2             52.78999592     7.68341997 68.31661885 35.16904003
DE_mean-1             23.43067255     4.66369341 33.10810895 13.84193352
DE_rand-to-best-1     23.26401586     4.70622258 30.77242324 12.90771322
DE_current-to-best-1  58.00820793     7.48251571 74.17506723 45.31744834
DE_current-to-pbest-1 25.80919996     5.71831140 35.46815236 14.61297028
DE_rand-2             60.55222950     6.96733683 73.09235070 42.22441139
sade                   8.90701818     4.22432387 17.24780454  0.02714925
shade                  0.06633060     0.25242920  0.99495906  0.00000000
297.99852085113525


Dim: 2	 Size: 10
                            mean  desvio padrão        max        min
GA                    0.11708875     0.30039586 1.00423081 0.00000000
DE_rand-1             0.06633060     0.25242920 0.99495906 0.00000000
DE_best-1             0.46431423     0.67801026 1.98991811 0.00000000
DE_best-2             0.00000000     0.00000000 0.00000000 0.00000000
DE_mean-1             0.06698116     0.25226487 0.99495906 0.00000000
DE_rand-to-best-1     0.09949591     0.30359044 0.99495906 0.00000000
DE_current-to-best-1  0.00000000     0.00000000 0.00000000 0.00000000
DE_current-to-pbest-1 0.00000000     0.00000000 0.00000000 0.00000000
DE_rand-2             0.00000000     0.00000000 0.00000000 0.00000000
sade                  0.13266121     0.34400302 0.99495906 0.00000000
shade                 0.00000000     0.00000000 0.00000000 0.00000000
306.9426636695862


Dim: 5	 Size: 10
                            mean  desvio padrão         max        min
GA                    6.92803396     3.69109270 15.94736768 0.04411858
DE_rand-1             0.16582651     0.45880849  1.98991811 0.00000000
DE_best-1             1.74125667     1.15947668  3.97983623 0.00000000
DE_best-2             0.00000039     0.00000214  0.00001173 0.00000000
DE_mean-1             0.25160773     0.63925716  2.27471322 0.00000000
DE_rand-to-best-1     0.72963664     0.78095854  2.98487717 0.00000000
DE_current-to-best-1  0.15573024     0.38579344  1.55380173 0.00000000
DE_current-to-pbest-1 0.39798345     0.85069478  3.97983119 0.00000000
DE_rand-2             0.25009425     0.52477299  1.63307488 0.00000000
sade                  0.72963647     0.86396704  3.97983119 0.00000000
shade                 0.41003786     0.55676021  1.98991811 0.00000000
305.5702543258667


Dim: 10	 Size: 10
                             mean  desvio padrão         max         min
GA                    35.17269008    13.68905574 62.90677757 11.10718762
DE_rand-1              4.64097912     2.78352477  9.92074298  0.01696926
DE_best-1              5.00795874     2.70888991 12.93445767  0.00000000
DE_best-2             24.57761578     5.46160507 36.96079260 15.02580405
DE_mean-1              9.73128175     4.84347367 18.08575692  1.04521433
DE_rand-to-best-1      2.81409978     2.62896252 10.94451936  0.00000000
DE_current-to-best-1  21.77838405     5.03051671 33.08072872 10.16994394
DE_current-to-pbest-1  3.32795830     2.29698102  8.08992217  0.00000000
DE_rand-2             29.38656455     6.20113808 44.34168628 17.63967715
sade                   3.28336371     2.32458955  9.94958050  0.00000000
shade                  2.75271720     3.60808641 14.92437074  0.00000000
305.67544770240784


Dim: 12	 Size: 10
                             mean  desvio padrão         max         min
GA                    54.75211487    17.97749061 83.43831319 22.69687510
DE_rand-1             16.28875922     5.94662227 25.17707781  2.14858280
DE_best-1              8.52347334     4.16165542 18.90418174  0.99495906
DE_best-2             42.75391195     6.72369065 54.94624159 28.96035806
DE_mean-1             16.86701292     6.06593594 30.34402032  6.14965367
DE_rand-to-best-1      7.19671209     4.29907343 16.91727336  1.00434105
DE_current-to-best-1  36.01664594     6.68643554 47.88611945 22.22039920
DE_current-to-pbest-1  7.19461442     4.23452143 14.85881242  1.06468334
DE_rand-2             52.54635227     8.15197161 66.37035892 40.75655622
sade                   4.34465253     2.85610554 10.94453955  0.00000000
shade                  2.85221210     3.56094401 12.93443747  0.00000000
306.539990901947
