

Dim: 2
                            mean  desvio padrão        max        min
GA                    0.03659793     0.18131625 0.99495906 0.00000000
DE_rand-1             0.00000000     0.00000000 0.00000000 0.00000000
DE_best-1             0.06633060     0.25242920 0.99495906 0.00000000
DE_best-2             0.00000000     0.00000000 0.00000000 0.00000000
DE_mean-1             0.00000000     0.00000000 0.00000000 0.00000000
DE_rand-to-best-1     0.00000000     0.00000000 0.00000000 0.00000000
DE_current-to-best-1  0.00000000     0.00000000 0.00000000 0.00000000
DE_current-to-pbest-1 0.00000000     0.00000000 0.00000000 0.00000000
DE_rand-2             0.00000000     0.00000000 0.00000000 0.00000000
sade                  0.00000000     0.00000000 0.00000000 0.00000000
shade                 0.00000000     0.00000000 0.00000000 0.00000000
282.8603653907776


Dim: 5
                            mean  desvio padrão         max        min
GA                    4.18604775     2.26770824 12.93456401 1.33480523
DE_rand-1             0.00000000     0.00000000  0.00000000 0.00000000
DE_best-1             0.53064483     0.62564043  1.98991811 0.00000000
DE_best-2             1.33898429     1.07661579  3.80530657 0.00058640
DE_mean-1             0.17507684     0.51261483  2.17751719 0.00000000
DE_rand-to-best-1     0.09949591     0.40054853  1.98991811 0.00000000
DE_current-to-best-1  2.38094006     0.96059592  4.79553309 0.19888386
DE_current-to-pbest-1 0.00010794     0.00059078  0.00323592 0.00000000
DE_rand-2             2.44069440     0.92904437  4.39903855 0.20040207
sade                  0.09949591     0.30359044  0.99495906 0.00000000
shade                 0.00000000     0.00000000  0.00000000 0.00000000
314.8941271305084


Dim: 10
                             mean  desvio padrão         max         min
GA                    15.94335068     7.78527328 37.80659421  6.91013200
DE_rand-1             17.00694622     3.34978107 24.58574295 11.26043987
DE_best-1              1.96659764     1.33500224  5.96974931  0.00000065
DE_best-2             34.06384641     5.63290110 48.46320504 22.31853599
DE_mean-1             14.72135619     3.18000355 20.19200896  7.72548306
DE_rand-to-best-1     12.82440500     3.47743603 20.50339702  4.45086112
DE_current-to-best-1  36.27281198     5.96221728 46.98116189 24.18496640
DE_current-to-pbest-1 14.86766406     4.17993510 22.58890909  7.94721368
DE_rand-2             37.72453849     4.83195852 48.79837485 28.74431217
sade                   1.33285188     1.57903806  5.49177950  0.00000002
shade                  0.06633060     0.25242920  0.99495906  0.00000000
328.40021657943726
