

Dim: 2
                            mean  desvio padrão        max        min
GA                    0.00247773     0.00914314 0.04902341 0.00000000
DE_rand-1             0.00000000     0.00000000 0.00000000 0.00000000
DE_best-1             0.00000000     0.00000000 0.00000000 0.00000000
DE_best-2             0.00000000     0.00000000 0.00000000 0.00000000
DE_mean-1             0.00001560     0.00008546 0.00046808 0.00000000
DE_rand-to-best-1     0.03316530     0.18165384 0.99495906 0.00000000
DE_current-to-best-1  0.00000000     0.00000000 0.00000000 0.00000000
DE_current-to-pbest-1 0.00000000     0.00000000 0.00000000 0.00000000
DE_rand-2             0.00000000     0.00000000 0.00000000 0.00000000
sade                  0.00000000     0.00000000 0.00000000 0.00000000
shade                 0.03316530     0.18165384 0.99495906 0.00000000
445.7880160808563


Dim: 5
                            mean  desvio padrão         max        min
GA                    5.36482541     3.45782275 12.82584605 0.23394129
DE_rand-1             0.00000000     0.00000000  0.00000000 0.00000000
DE_best-1             0.46431423     0.62564043  1.98991811 0.00000000
DE_best-2             1.50102503     0.79184554  3.32452719 0.00090224
DE_mean-1             0.02842737     0.09032567  0.38169101 0.00000000
DE_rand-to-best-1     0.23215711     0.42801454  0.99495906 0.00000000
DE_current-to-best-1  2.69137171     0.92192222  4.60863667 1.09574571
DE_current-to-pbest-1 0.00000030     0.00000161  0.00000883 0.00000000
DE_rand-2             2.36404791     0.77845164  4.23567877 0.28625602
sade                  0.03316530     0.18165384  0.99495906 0.00000000
shade                 0.00000000     0.00000000  0.00000000 0.00000000
264.7496180534363


Dim: 10
                             mean  desvio padrão         max         min
GA                    18.76017506     8.49763319 35.92079124  5.89904719
DE_rand-1             15.39467313     2.28597929 20.22844213 10.27796269
DE_best-1              2.23841025     2.02641462  7.95966743  0.00000000
DE_best-2             31.74068387     4.46203750 42.05128044 19.43932490
DE_mean-1             14.33086298     3.79519477 19.65314483  6.56742835
DE_rand-to-best-1     14.25364309     3.67836248 27.91653915  7.24908399
DE_current-to-best-1  32.39366300     5.66232673 45.51026289 21.59634477
DE_current-to-pbest-1 14.73759118     3.79959295 21.40944225  7.51947080
DE_rand-2             38.54669806     4.55664782 48.47921746 31.55590602
sade                   1.21459486     1.48881228  6.14237563  0.00000118
shade                  0.09949591     0.30359044  0.99495906  0.00000000
240.4875831604004
