

Dim: 10
                             mean  desvio padrão         max         min
GA                     7.93638540     4.10469188 17.89219226  2.98490294
DE_rand-1             27.86055275     4.55628001 35.97525745 17.36472106
DE_best-1             16.67266200     3.36299071 24.67072868  9.59634743
DE_best-2             46.11700839     8.44325881 60.16776420 27.93942727
DE_mean-1             16.45490360     2.62198049 22.75265618 11.67599020
DE_rand-to-best-1     24.98927716     4.87617206 34.02796562 15.89736425
DE_current-to-best-1  51.76975355     8.58508615 67.74542446 24.32671224
DE_current-to-pbest-1 26.27463474     4.90590408 34.28680071 15.67746084
DE_rand-2             50.13625009     7.66549870 65.04395796 35.06578061
sade                  17.12043489     3.93056038 25.16796830  7.44521540
shade                  0.29521116     0.27752580  1.49361520  0.06645917
312.4337875843048


Dim: 10
                             mean  desvio padrão         max         min
GA                     7.75647892     3.39016255 13.94448932  1.98991936
DE_rand-1             27.28318311     4.70380757 37.92167370 18.52070665
DE_best-1             17.60917368     3.74319096 26.64708687 10.36271559
DE_best-2             43.74026396     6.90110863 60.29650603 29.36336716
DE_mean-1             17.21687529     3.05637512 24.84701101  9.72927044
DE_rand-to-best-1     24.64797105     4.01740770 34.13889526 18.10515861
DE_current-to-best-1  52.97746741     5.46990524 62.75470970 42.24359417
DE_current-to-pbest-1 24.69218219     3.61615831 31.52646380 15.63610723
DE_rand-2             53.00919383     5.85146393 63.33251953 42.52967230
sade                  16.35710570     2.97113924 22.07178164  9.60752097
shade                  0.41512875     0.44951707  1.91265329  0.05686232
292.8646309375763


Dim: 10
                             mean  desvio padrão         max         min
GA                     7.30704315     3.67382926 13.97188031  1.98995098
DE_rand-1             29.32003371     5.39077375 35.73828135 16.67757814
DE_best-1             16.91009269     4.42273018 26.28923135  8.68271203
DE_best-2             46.23281652     5.94793332 57.64820894 33.56764537
DE_mean-1             17.99097402     3.30264955 23.61161374 11.08508516
DE_rand-to-best-1     24.17134470     4.49015379 34.09889766 16.52428414
DE_current-to-best-1  52.51277590     7.44103313 64.02672475 36.69630370
DE_current-to-pbest-1 26.23437560     4.27097897 36.15518490 17.61974849
DE_rand-2             51.85392813     7.26310693 66.82101803 31.18883013
sade                  16.05562305     3.20800437 24.91091767 11.90062853
shade                  0.26066246     0.24494872  1.10711912  0.04389464
288.50102066993713
